36.14 91.08 0.20 0.85
68.19 3.93 0.63 0.17
71.73 52.70 0.55 0.93
6.99 67.81 0.24 0.44
41.13 89.10 0.92 0.57
81.17 87.81 0.01 0.72
4.24 49.17 0.23 0.54
0.63 58.42 0.41 0.34
0.09 47.34 0.54 0.92
32.52 21.26 0.57 0.44
6.12 62.54 0.87 0.51
31.62 79.89 0.83 0.15
76.08 33.53 0.69 0.22
69.93 27.60 0.41 0.28
96.73 26.92 0.99 0.85
57.44 21.95 0.87 0.56
85.91 46.47 0.86 0.90
71.29 81.28 0.54 0.91
41.59 68.31 0.11 0.41
82.98 67.45 0.20 0.90
95.68 3.34 0.34 0.23
54.03 95.55 0.70 0.29
33.82 8.04 0.97 0.57
36.47 33.08 0.42 0.85
89.83 76.84 0.27 0.93
26.06 37.50 0.06 0.35
37.42 53.06 0.22 0.99
93.43 5.92 0.43 0.54
