0.140878662452 0.355027344891 0.000789391110 0.003304601547
0.467551539582 0.026970275212 0.004300534933 0.001177650273
0.284827689343 0.209272591964 0.002191160696 0.003708557997
0.046282871461 0.449232161360 0.001587116184 0.002897850995
0.156140323674 0.338212266948 0.003496476825 0.002150932553
0.239157538101 0.258702432546 0.000029018847 0.002111010506
0.039106750537 0.453800561002 0.002115217872 0.004977470589
0.005285309921 0.488395367904 0.003455616181 0.002863705994
0.000908791322 0.484106221386 0.005558955449 0.009426031843
0.296809799066 0.194008714789 0.005195375134 0.003986111012
0.140544180389 0.355096474710 0.003701611711 0.000657733191
0.344175786222 0.151689994542 0.003125771717 0.001008447519
0.355982795497 0.140508022032 0.002103018679 0.001406163792
0.385404022170 0.107267255053 0.003934602487 0.003394120290
0.355373937819 0.135788250163 0.005371703711 0.003466108306
0.320231666830 0.173228353772 0.003187669059 0.003352310339
0.231439603882 0.263877599654 0.001741533649 0.002941262815
0.188316652972 0.309312882509 0.000494856405 0.001875608113
0.273811775005 0.222561773385 0.000645212217 0.002981239392
0.480337050526 0.016784257240 0.001706713201 0.001171979034
0.179405326986 0.317290955880 0.002334778927 0.000968938207
0.389627839883 0.092610950703 0.011173452533 0.006587756881
0.257451617714 0.233532162674 0.002988482752 0.006027736859
0.267555507801 0.228882999624 0.000802854138 0.002758638437
0.203672783006 0.293092700847 0.000475054449 0.002759461698
0.204066221863 0.289335956495 0.001220443956 0.005377377685
0.465669762522 0.029490209480 0.002135090000 0.002704937998
0.159559658554 0.336777534274 0.001926930329 0.001735876842
0.231284650673 0.263604218684 0.000224601681 0.004886528962
0.344660840101 0.148908809435 0.004222574002 0.002207776463
0.141910455452 0.356656275049 0.000868056774 0.000565212724
0.248938041671 0.243965815253 0.004625081490 0.002471061585
0.428175311130 0.067603241989 0.003079917977 0.001141528904
0.176273932125 0.318437793784 0.002530120558 0.002758153533
0.056407131650 0.437011279463 0.004934084628 0.001647504259
0.383768910139 0.109553201321 0.003129045825 0.003548842715
0.323934162478 0.162643385632 0.007140993394 0.006281458495
0.045816869452 0.448145096498 0.005439258650 0.000598775400
0.013454133469 0.468730153122 0.008157874975 0.009657838434
0.294716870331 0.202285055520 0.000263871143 0.002734203007
0.226878943938 0.263070761083 0.005367367812 0.004682927167
0.161870851851 0.334886142672 0.002937087315 0.000305918162
0.060971358294 0.432577661259 0.004348949290 0.002102031158
