0.539325656933 0.536319588423 0.535725440784 0.535527568269 0.535442563694 0.535399983418 0.535376297609
0.282098446809 0.358499880448 0.380448084043 0.385829453551 0.386317935647 0.385422857935 0.384286948668
0.577383266634 0.569346289290 0.567266516245 0.566631472140 0.566376478452 0.566252860902 0.566185252628
0.424877695758 0.423665549257 0.423401773200 0.423311345609 0.423272085048 0.423252313963 0.423241281369
0.550417763659 0.547036878190 0.546374399216 0.546155435026 0.546061609901 0.546014667139 0.545988572714
0.576740819098 0.570225891085 0.568855064404 0.568431823760 0.568256230839 0.568169622741 0.568121845071
0.415384872574 0.414269097960 0.414024063608 0.413939882350 0.413903301211 0.413884875260 0.413874586242
0.301139683377 0.300550171733 0.300419555789 0.300374612531 0.300355094733 0.300345373154 0.300339782238
0.322994902429 0.322357336505 0.322214597417 0.322165329496 0.322143877480 0.322133061516 0.322127016033
0.575980735132 0.567823084635 0.565533030905 0.564827627472 0.564546972084 0.564411818218 0.564338156011
0.430760867564 0.429579385273 0.429319255241 0.429229822528 0.429190946874 0.429171357463 0.150508270974
0.539318023122 0.536326531621 0.535734804953 0.535537670974 0.535452972968 0.535410543539 0.535386940755
0.556372594948 0.548301978509 0.544590004139 0.543284123043 0.542770212842 0.542531426804 0.542404484191
0.548765060211 0.541496732006 0.537416234410 0.535882865576 0.535270687948 0.534988166695 0.534839330919
0.522978606159 0.520464234524 0.515906446263 0.513707606913 0.512742960711 0.512293268854 0.512061112020
0.549852338478 0.542834664536 0.538900563182 0.537429909603 0.536844050084 0.536573692516 0.536431193072
0.568230415101 0.559672090315 0.556729597630 0.555783598449 0.555412628622 0.555237000145 0.555142225515
0.576842137905 0.570768548209 0.569516006021 0.569126427734 0.568963958655 0.568883635903 0.568839271972
0.563891470128 0.559381033265 0.558505909663 0.558223906988 0.558104194473 0.558044570685 0.558011481052
0.577954429286 0.570149158482 0.568254319022 0.567677430284 0.567443823303 0.567329987025 0.567267566413
0.174884540253 0.259114218126 0.309766571215 0.330764978956 0.339024306946 0.342082769374 0.342918109701
0.560724350605 0.556553704154 0.555745236770 0.555482709861 0.555370935122 0.555315176292 0.555284231433
0.518765706846 0.517782726643 0.513486057828 0.511301946307 0.510324654366 0.509866956641 0.509631252073
0.580461491622 0.573566890571 0.572017966489 0.571543900621 0.571349261970 0.571253721039 0.571201142669
0.578320944692 0.570741427072 0.568959416856 0.568416638074 0.568195760707 0.568087834819 0.568028574767
0.569805511578 0.564763772068 0.563773811738 0.563458714192 0.563325644626 0.563259498951 0.563222861323
0.571770826512 0.566849130651 0.565879669366 0.565570553495 0.565439909656 0.565374944808 0.565338953267
0.295788610265 0.367952683845 0.387252886351 0.391482413370 0.391463440022 0.390361222227 0.389163274268
0.550875658049 0.547341894296 0.546653210932 0.546426385065 0.546329316061 0.546280780614 0.546253810321
0.576994449466 0.570944900863 0.569697870170 0.569309935523 0.569148129983 0.569068129942 0.569023942493
0.556427953926 0.548519904303 0.544846249067 0.543551606758 0.543042097733 0.542805439243 0.542679664061
0.537736604120 0.534644013250 0.534036544671 0.533834707553 0.533748077253 0.533704702078 0.533680583353
0.579566876725 0.572906178235 0.571457813716 0.571012653929 0.570828868794 0.570738418148 0.570688573990
0.452547725201 0.469341075604 0.467564285068 0.464658717225 0.462718599261 0.461601017688 0.460973704659
0.560634071995 0.556631955099 0.555853957783 0.555600372842 0.555492250484 0.555438277428 0.555408312147
0.447808087486 0.446450551997 0.446156114089 0.446055231605 0.446011440410 0.445989391784 0.445977089109
0.524724796470 0.521802722147 0.517236435360 0.515073325658 0.514131887775 0.513693977463 0.513467754745
0.568030426916 0.559914219465 0.557006587651 0.556063937977 0.555694853460 0.555520592525 0.555426719273
0.427131143650 0.425925593791 0.425662385160 0.425572075376 0.425532850857 0.425513095151 0.425502073020
0.378368832744 0.377535536967 0.377347979456 0.377283148333 0.377254903705 0.377240653805 0.377232709853
0.574839047615 0.566357985474 0.564012866511 0.563291849332 0.563004756117 0.562866413595 0.562790989579
0.578578130475 0.572939792317 0.571786822191 0.571425818828 0.571274676599 0.571199820485 0.571158436394
0.551858831103 0.548244300179 0.547541275027 0.547310148169 0.547211302669 0.547161893834 0.547134442951
0.455205053836 0.453780405457 0.453472627745 0.453367265867 0.453321546143 0.453298529417 0.453285687788
0.541110977261 0.537974762357 0.537358350582 0.537153653172 0.537065806801 0.537021825059 