3.85 9.98 0.79 0.15
0.54 5.64 0.02 0.68
9.71 8.25 0.64 0.07
1.51 5.04 0.17 0.96
7.86 4.06 0.05 0.21
0.63 1.75 0.78 0.28
6.47 3.86 0.39 0.67
0.17 5.15 0.92 0.50
8.66 9.89 0.35 0.36
0.02 1.99 0.08 0.05
3.50 5.64 0.21 0.46
6.31 3.09 0.45 0.44
7.23 1.53 0.34 0.48
8.66 2.65 0.95 0.54
7.46 5.49 0.33 0.60
4.25 0.91 0.35 0.91
6.75 0.50 0.26 0.92
0.48 4.75 0.21 0.20
2.25 6.12 0.40 0.40
0.70 7.16 0.45 0.47
1.34 3.38 0.21 0.82
6.59 7.97 0.77 0.14
5.71 3.84 0.28 0.57
5.23 9.52 0.30 0.68
2.59 3.05 0.80 0.48
7.15 8.44 0.53 0.19
8.36 4.30 0.28 0.54
3.24 3.65 0.16 0.36
7.36 3.47 0.51 0.38
0.24 7.81 0.40 0.08
