0.130132237269 0.337884571313 0.026863819699 0.005119371719
0.039429515701 0.409672537868 0.001507070250 0.049390876181
0.259925280228 0.220836239702 0.017232534464 0.002005945606
0.098076555302 0.328194866417 0.011161123464 0.062567454817
0.322628783357 0.166589241426 0.002185345295 0.008596629923
0.092008420034 0.253817164133 0.113559965980 0.040614449853
0.284102602149 0.169436624043 0.016997687989 0.029463085819
0.012503933467 0.382031294176 0.068015646204 0.037449126153
0.224813693391 0.256542919242 0.009178210140 0.009465177226
0.005624864458 0.465159420774 0.017571048659 0.011644666109
0.178402950074 0.287299419115 0.010670832685 0.023626798126
0.306533707329 0.150209736707 0.022007610717 0.021248945246
0.377332961607 0.079988590857 0.017763176698 0.024915270838
0.338069786796 0.103637719871 0.037008268517 0.021284224816
0.268633678261 0.197879666079 0.012010269704 0.021476385956
0.331311900018 0.070561695918 0.027316766370 0.070809637694
0.400341740690 0.029624059227 0.015315918363 0.054718281721
0.042853460754 0.421147008933 0.018311161148 0.017688369166
0.122580396178 0.333476389938 0.021938971848 0.022004242036
0.040105811692 0.407665350124 0.025378492494 0.026850345691
0.116727548678 0.294169172491 0.018088802091 0.071014476740
0.213045858811 0.257654116431 0.024781770416 0.004518254342
0.274519483278 0.184667507912 0.013280291805 0.027532717005
0.166244445031 0.302641297232 0.009496658280 0.021617599456
0.186680395597 0.220389767684 0.058029262885 0.034900573834
0.219335927642 0.258649080457 0.016162627823 0.005852364079
0.310205963407 0.159462470336 0.010442377845 0.019889188412
0.218578877087 0.246815021511 0.010560694381 0.024045407020
0.314140742682 0.147937617700 0.021696614497 0.016225025121
0.014036475724 0.457433640510 0.023670505922 0.004859377844
0.227758994787 0.253507978605 0.008810594958 0.009922431650
0.094720515362 0.370773811592 0.025315734621 0.009189938425
0.141764422411 0.326311242790 0.024620651347 0.007303683452
0.268339282076 0.207051479655 0.014764843218 0.009844395051
0.405956863503 0.032927888922 0.014184660211 0.046930587364
0.133309499198 0.326469763389 0.003513179368 0.036707558045
0.443359152265 0.024904426690 0.007150519138 0.024585901907
0.217459453470 0.197866230736 0.008430930483 0.076243385312
0.443611417366 0.024058210133 0.002792967336 0.029537405165
0.308121975857 0.142914044142 0.030891111718 0.018072868283
0.175302403447 0.270047723676 0.015702412194 0.038947460683
0.288556629688 0.172348246838 0.008679228443 0.030415895030
0.236842923057 0.245429864607 0.017129372182 0.000597840154
0.161647728264 0.276882488810 0.032779674467 0.028690108458
0.359704018616 0.102050855959 0.012487399512 0.025757725913
0.277916196242 0.200667649794 0.018243552814 0.003172601150
0.373524481306 0.072780358823 0.043321996981 0.010373162890
0.112868453888 0.319697191522 0.048977697155 0.018456657435
0.196957740719 0.260582262111 0.024532730698 0.017927266472
0.044256406008 0.276309268431 0.078247201528 0.101187124034
