0.554872810578 0.552736837841 0.552289743174 0.552137611149 0.552071689513 0.552038520607 0.552020021683
0.489016149828 0.488225792678 0.488035650949 0.487968318596 0.487938651119 0.487923590466 0.487915144115
0.583742700010 0.577264609872 0.575797832989 0.575349267817 0.575165240928 0.575074934661 0.575025240332
0.565456194769 0.564608614706 0.564411955614 0.564342718974 0.564312278455 0.564296845706 0.564288200569
0.568067858167 0.559769177510 0.556840503368 0.555893861136 0.555523035173 0.555347791757 0.555253333284
0.610385705998 0.611283067648 0.611494371560 0.611569208413 0.611602336116 0.611619240222 0.611628764210
0.587761347116 0.582031951821 0.580581340943 0.580144218917 0.579968945856 0.579883974352 0.579837512865
0.527140554604 0.526956959907 0.526891195445 0.526865895267 0.526854385588 0.526848456271 0.526845106923
0.582112568105 0.576951732669 0.575898237597 0.575566454659 0.575427109888 0.575357995203 0.575319754714
0.388698896742 0.387906858889 0.387725174206 0.387662041370 0.387634475158 0.387620550021 0.387612776459
0.579118925077 0.576030613667 0.575412660845 0.575208222214 0.575120507221 0.575076582443 0.575052151048
0.580348460242 0.574023767049 0.572115895043 0.571530439079 0.571300485222 0.571190665498 0.571131087970
0.533938474780 0.531434066013 0.527824337397 0.526232308613 0.525569792415 0.525267286505 0.525111546990
0.566803554410 0.561457362619 0.559085121500 0.558302050468 0.558002603272 0.557864593127 0.557791410792
0.587438079898 0.581461894791 0.580061398931 0.579634911234 0.579460934558 0.579375800585 0.579329020577
0.573805812138 0.569889357335 0.568297175055 0.567816574130 0.567642194179 0.567564067346 0.567523368767
0.505896507198 0.509527222740 0.506259925149 0.504270607282 0.503327348877 0.502880359307 0.502652547256
0.474978254564 0.473895316146 0.473644127789 0.473556519973 0.473518204757 0.473498836602 0.473488007864
0.560135175896 0.558391492583 0.558010410279 0.557879071864 0.557821881958 0.557793036272 0.557776926935
0.494544355215 0.493616493791 0.493393100948 0.493314313691 0.493279691577 0.493262130022 0.493252323574
0.585647402296 0.585009135773 0.584864193723 0.584813339240 0.584791023252 0.584779726963 0.584773407236
0.584738125469 0.580416402630 0.579551907163 0.579276207750 0.579159642779 0.579101653429 0.579069516311
0.588407912914 0.582625943318 0.581236616159 0.580815875786 0.580645344410 0.580562174518 0.580516554474
0.572867931106 0.569972574999 0.569389424135 0.569194975723 0.569111322412 0.569069379684 0.569046035011
0.607832315845 0.606703267691 0.606500068488 0.606435121856 0.606407716141 0.606394142248 0.606386653806
0.582720130027 0.577896787818 0.576921761519 0.576612904188 0.576482777577 0.576418144533 0.576382356421
0.576546699187 0.569410858796 0.567178049583 0.566482444199 0.566208903914 0.566078410982 0.566007656613
0.588030655948 0.583788286870 0.582931894821 0.582659438766 0.582544383253 0.582487173950 0.582455478254
0.576428361011 0.569724509268 0.567547460424 0.566867595748 0.566601611790 0.566475247032 0.566406895237
0.407664076773 0.406828361761 0.406635732203 0.406568668589 0.406539358325 0.406524528563 0.406516268506
0.582530483828 0.577265580091 0.576184657204 0.575845166497 0.575702804923 0.575632241523 0.575593213273
0.531268696693 0.529693257590 0.529344035960 0.529223376128 0.529170796505 0.529144266346 0.529129445671
0.561747186956 0.559396878589 0.558911059275 0.558746606105 0.558675479883 0.558639726483 0.558619796927
0.584945989353 0.578505097366 0.576990798586 0.576528734715 0.576340189548 0.576247917955 0.576197211227
0.497183036951 0.502727507470 0.499556999157 0.497388367440 0.496304666267 0.495777803449 0.495507177068
0.562359305700 0.560362446325 0.559945479867 0.559803508834 0.559741949444 0.559710961875 0.559693674230
0.408533016939 0.440780315141 0.443668545228 0.441909213659 0.440006841198 0.438662442148 0.437811057869
0.602775506032 0.600204907346 0.599733178142 0.599589387842 0.599529800132 0.599500477868 0.599484338367
0.407611137434 0.440071631244 0.442961788352 0.441153356545 0.439198902696 0.437812907286 0.436931930299
0.580642210247 0.574580629987 0.572729178865 0.572162764052 0.571941283373 0.571835815734 0.571778695472
0.588785616141 0.586457714447 0.585988695375 0.585832212771 0.585764839453 0.585731045491 0.585712232762
0.584773496312 0.578439104438 0.576778020447 0.576274799430 0.576073657870 0.575976355404 0.575923202932
0.582785027949 0.577092999094 0.575902607002 0.575532730373 0.575378609682 0.575302430860 0.575260357421
0.588977983774 0.587158698542 0.586779602381 0.586650834115 0.586595030162 0.586566953379 0.586551297403
0.549612703616 0.544531310509 0.541157496425 0.539875197600 0.539366666294 0.539133978927 0.539012168537
0.582643576385 0.575666161911 0.573939762096 0.573414276839 0.573201813755 0.573098356378 0.573041644920
0.538021001622 0.535047264256 0.531572584108 0.530098778769 0.529495886351 0.529221725119 0.529080380358
0.571126606766 0.570027733050 0.569775869895 0.569687649351 0.569648966492 0.569629386903 0.569618430456
0.588249841837 0.584993888379 0.584343516422 0.584131149535 0.584040460483 0.583995142456 0.583969967440
0.609601275114 0.611032221815 0.611352494355 0.611465690006 0.611515775649 0.611541327070 0.611555721690
