0.020009281618 0.232658062631 0.032707843529 0.214624812221
0.019954025409 0.238677932497 0.025966383953 0.215401658140
0.006966045131 0.156775139696 0.026287383805 0.309971431368
0.025942508224 0.276345046380 0.001553856535 0.196158588861
0.004287123498 0.311724376862 0.019646874715 0.164341624924
0.002366448551 0.183242545350 0.010371306399 0.304019699700
0.017635299127 0.243105739211 0.021125038457 0.218133923205
0.006085844911 0.144322519679 0.031551638369 0.318039997041
0.019696598018 0.268193330316 0.002404913367 0.209705158299
0.012021961140 0.077696472387 0.028150729277 0.382130837196
0.019747835683 0.258798712108 0.016531475403 0.204921976807
0.017056067195 0.302389588116 0.063863331853 0.116691012837
0.008591761838 0.248572890377 0.059924443446 0.182910904338
0.029618701042 0.286972106330 0.025200543094 0.158208649534
0.027175624655 0.170221188226 0.032165637246 0.270437549873
0.034887195224 0.143969499966 0.029748618877 0.291394685933
0.005952574763 0.244903826264 0.017843886786 0.231299712187
0.004726651082 0.427051094959 0.025798291962 0.042423961996
0.008498648367 0.320994911967 0.020317984883 0.150188454783
0.037827539641 0.079621658757 0.004329636432 0.378221165170
0.018494578860 0.389729580357 0.031814948492 0.059960892291
0.012042743345 0.170522477691 0.004674495994 0.312760282971
0.002359930412 0.087340978197 0.032438846921 0.377860244470
0.000145529810 0.241197405464 0.022037998668 0.236619066058
0.024602653462 0.197638499027 0.026695653795 0.251063193716
0.017714031748 0.241154335717 0.020604219077 0.220527413458
0.033507279356 0.211652092662 0.061785528132 0.193055099850
0.030692311850 0.346199298770 0.013670232880 0.109438156501
0.026659970198 0.264866450472 0.001041912244 0.207431667086
0.007495585169 0.413636967879 0.034170452722 0.044696994229
0.042289675376 0.309396857924 0.052044808539 0.096268658161
0.012586634383 0.271291660801 0.003328976529 0.212792728287
0.024839857588 0.229373822224 0.027339018924 0.218447301264
0.030711561901 0.316583206743 0.023108156324 0.129597075031
0.013836615002 0.235678013930 0.010846101445 0.239639269623
0.015159361272 0.222398655548 0.007707786246 0.254734196934
0.035517636524 0.229090628148 0.011435014901 0.223956720427
0.025520190939 0.309835364650 0.011274190288 0.153370254123
0.034383140326 0.125831501211 0.020038803428 0.319746555035
0.023441759779 0.336855342219 0.018942349385 0.120760548618
0.043588205929 0.347953602552 0.043431529221 0.065026662298
0.023628219682 0.163113627181 0.016615962369 0.296642190768
0.037966087253 0.272189821640 0.043877426836 0.145966664271
0.002667291385 0.244169522101 0.003581161196 0.249582025319
0.083297493189 0.381120061946 0.014259095625 0.021323349240
0.014747556404 0.368929267483 0.009674850607 0.106648325505
0.043576300175 0.080905756595 0.008237795291 0.367280147938
0.045318655686 0.174462098664 0.040971654266 0.239247591384
0.019555956148 0.213359130967 0.019516669559 0.247568243327
0.016371188323 0.238993813136 0.013209128033 0.231425870508
