0.329546097950 0.328868693865 0.328717762262 0.328665732748 0.328643093021 0.328631686995 0.328625293590
0.267899059440 0.267421024852 0.267315243412 0.267278836617 0.267262944456 0.157449684080 0.183825890300
0.304811816498 0.304226042256 0.304095484562 0.304050475912 0.304030887037 0.304021008793 0.304015527671
0.257628601556 0.257181663394 0.257082836330 0.257048925921 0.257034071912 0.122848154797 0.257022409568
0.325125422997 0.324471668343 0.324325688801 0.324275338319 0.324253422334 0.324242372578 0.324236209465
0.353392587945 0.352650463069 0.352483866547 0.352426316682 0.352401250135 0.352388578653 0.352381547637
0.258408094349 0.257961810664 0.257862993280 0.257829056684 0.257814224570 0.150311049994 0.144200648935
0.342731117068 0.342001850308 0.341839414242 0.341783422461 0.341759056863 0.341746772674 0.341739915048
0.270007531345 0.269516517812 0.269408166409 0.269370855391 0.124720923417 0.103435850918 0.269341826439
0.364936916699 0.364110996504 0.363927310706 0.363864015558 0.363836468756 0.363822606574 0.363814823173
0.343036817647 0.342323874310 0.342164263647 0.342109175586 0.342085188041 0.342073130628 0.342066330613
0.375023449193 0.374148949565 0.373954709737 0.373887802760 0.373858695525 0.373844026103 0.373835825982
0.388058988057 0.387234458692 0.387047079264 0.386982107723 0.386953761894 0.386939446414 0.386931383609
0.456120533256 0.455087596712 0.454849310344 0.454766337761 0.454730073735 0.454711748133 0.454701502603
0.316531062373 0.315895192139 0.315753838594 0.315705167503 0.315683955629 0.315673350956 0.315667316229
0.334511540354 0.333805696607 0.333648895932 0.333594881836 0.333571384442 0.333559552330 0.333552927269
0.337470260956 0.336762608196 0.336604926654 0.336550568530 0.336526915973 0.336514992916 0.336508291916
0.278804083567 0.278293291790 0.278180104494 0.278141121075 0.278123402595 0.278115642247 0.278110860241
0.333999937211 0.333319357265 0.333167109639 0.333114567268 0.333090782165 0.333080184465 0.333073718566
0.295783433667 0.295210821104 0.295084081937 0.295040470554 0.295021591895 0.295011968661 0.295006588178
0.375916574071 0.375109763689 0.374927475402 0.374864398688 0.374836918732 0.374823035466 0.374815285984
0.427731482985 0.426822613198 0.426612647277 0.426539519818 0.426507556888 0.426491403990 0.426482376487
0.402041150362 0.401209007122 0.401017608236 0.400951049230 0.400921982568 0.400907291922 0.400899082983
0.415138913495 0.414227883389 0.414019542432 0.413947199299 0.413915618695 0.413899686934 0.413890759206
0.264420599334 0.263953439120 0.263850129955 0.263814163208 0.263799581584 0.106152407647 0.161711029156
0.323895155589 0.323253144514 0.323109470465 0.323059885323 0.323038293118 0.323027415722 0.323021333148
0.298020407657 0.297447879684 0.297320774474 0.297276999900 0.297257956760 0.297248357254 0.297242994376
0.426217140485 0.425302763655 0.425091866429 0.425018459424 0.424986383700 0.424970169365 0.424961115572
0.481696146727 0.481219858886 0.481094918222 0.481049593528 0.481029418900 0.481019130349 0.481013335335
0.310670706369 0.310058582307 0.309922429177 0.309875553102 0.309855061768 0.309844825231 0.309839060213
0.333747487886 0.333071631845 0.332920288906 0.332868063450 0.332845293539 0.332833829553 0.332827414746
0.330190751577 0.329507033706 0.329354892456 0.329302463087 0.329279656361 0.329281616211 0.329261727116
0.309495099422 0.308895312873 0.308761510677 0.308715372987 0.308695293637 0.308685195840 0.308679603048
0.270223112777 0.269735830562 0.269628089669 0.269591060383 0.269575309774 0.123664146539 