0.64 16.25 0.37 65.72
0.63 57.74 0.69 84.50
0.10 33.09 0.46 84.91
0.73 76.98 0.58 23.01
0.23 73.88 0.84 51.37
0.73 31.06 0.11 73.73
0.29 66.65 0.06 59.05
0.80 84.79 0.29 90.37
0.60 48.36 0.82 73.61
0.30 70.54 0.05 77.38
1.00 62.45 0.31 52.47
0.03 83.31 0.47 25.79
0.70 67.25 0.45 46.56
0.72 49.43 0.16 59.39
0.06 63.93 0.24 71.12
0.54 10.79 0.96 30.10
0.73 32.41 0.84 36.56
0.14 55.68 0.13 91.00
0.70 75.18 0.69 36.82
0.18 14.16 0.85 30.04
0.71 81.28 0.45 54.89
0.50 13.64 0.84 88.50
0.17 11.50 0.62 54.10
1.00 0.32 0.59 88.34
0.87 62.39 0.64 11.22
0.22 74.50 0.41 2.99
0.03 92.87 0.49 8.30
0.07 36.42 0.03 87.66
0.98 29.53 0.34 63.53
0.00 82.62 0.42 13.17
0.70 12.75 0.08 65.82
0.11 72.04 0.47 17.11
0.08 23.59 0.72 54.97
0.01 34.44 0.66 43.29
0.55 27.45 0.89 56.54
0.63 0.11 0.74 8.00
0.34 31.10 0.83 38.05
0.59 38.49 0.78 26.20
0.22 3.40 0.81 20.20
0.91 77.53 0.42 34.64
