0.40 4.68 0.66 4.31
0.71 8.50 0.92 7.67
0.22 4.97 0.83 9.83
0.54 5.76 0.03 4.09
0.12 8.62 0.54 4.54
0.05 3.97 0.22 6.59
0.65 9.02 0.78 8.10
0.19 4.45 0.97 9.80
0.52 7.10 0.06 5.55
0.10 0.65 0.24 3.22
0.43 5.63 0.36 4.46
0.13 2.22 0.47 0.86
0.10 2.86 0.69 2.11
0.87 8.42 0.74 4.64
0.63 3.94 0.75 6.26
0.89 3.66 0.76 7.41
0.23 9.59 0.70 9.06
0.07 6.11 0.37 0.61
0.16 6.11 0.39 2.86
0.90 1.88 0.10 8.95
0.23 4.87 0.40 0.75
0.37 5.27 0.14 9.67
0.05 1.90 0.71 8.23
0.00 7.75 0.71 7.60
0.90 7.20 0.97 9.15
0.65 8.91 0.76 8.15
0.36 2.29 0.67 2.09
0.79 8.94 0.35 2.83
0.91 9.03 0.04 7.07
0.16 8.93 0.74 0.96
0.75 5.49 0.92 1.71
0.46 10.00 0.12 7.84
0.60 5.53 0.66 5.26
0.86 8.87 0.65 3.63
0.55 9.42 0.43 9.57
0.50 7.40 0.26 8.48
0.99 6.39 0.32 6.25
0.41 5.01 0.18 2.48
0.80 2.91 0.46 7.40
0.69 9.95 0.56 3.57
0.88 7.04 0.88 1.32
0.73 5.01 0.51 9.12
0.44 3.15 0.51 1.69
0.08 7.38 0.11 7.54
0.62 2.85 0.11 0.16
0.19 4.66 0.12 1.35
0.84 1.56 0.16 7.09
0.84 3.25 0.76 4.46
0.42 4.56 0.42 5.29
0.62 9.01 0.50 8.72
