0.603151784380 0.605078233468 0.605528293728 0.605689118940 0.605760476950 0.605796879704 0.605817365197
0.597585213170 0.599331123273 0.599745838729 0.599894008359 0.599959705205 0.599993200193 0.600012040360
0.583144756543 0.585042742662 0.585430679779 0.585563615262 0.585621314668 0.585650339303 0.585666516334
0.573968098114 0.575210679470 0.575516823844 0.575626276316 0.575674744363 0.575699419947 0.575713281477
0.570002329044 0.571148177221 0.571414966039 0.571509051790 0.571550480332 0.571571517242 0.571583319871
0.569062218246 0.570498325044 0.570831662540 0.570948502758 0.570999711441 0.571025622072 0.571040118666
0.592653744659 0.594308472195 0.594705236648 0.594846983012 0.594909806363 0.594941823929 0.594959826860
0.584143121892 0.586332074980 0.586748619413 0.586889048844 0.586949708322 0.586980137162 0.586997065111
0.574147332292 0.575507557906 0.575842432565 0.575962206928 0.576015264611 0.576042283915 0.576057464438
0.543231844365 0.545011601599 0.545210221084 0.545258803523 0.545276662521 0.545284698666 0.545288818397
0.587552410740 0.589035842216 0.589395181491 0.589523566428 0.589580456352 0.589609444197 0.589625744522
0.593964469785 0.595245090834 0.595513730594 0.595607803623 0.595649264073 0.595670366174 0.595682234317
0.613406717760 0.615867618014 0.616399242494 0.616589067668 0.616673643576 0.616716929757 0.616741349785
0.588036969599 0.589194379887 0.589466574389 0.589563008343 0.589605599409 0.589627272060 0.589639450187
0.602834269064 0.604924143310 0.605388073663 0.605551080941 0.605622763003 0.605659124110 0.605679507573
0.597724629643 0.599602440252 0.600004549314 0.600143242174 0.600203589840 0.600233998213 0.600250968476
0.585724791344 0.587412660572 0.587817146251 0.587961502433 0.588025429615 0.588057989036 0.588076287042
0.467761592675 0.467120197058 0.466958687632 0.466901043103 0.466875583752 0.466862649318 0.466855396004
0.566936061408 0.567899254357 0.568119853869 0.568197135141 0.568231057391 0.568248254206 0.568257893063
0.527266218038 0.527056004456 0.526979568625 0.526948941654 0.526934644276 0.526927143745 0.526922849227
0.517997950085 0.517620440688 0.517512793058 0.517473048511 0.517455246920 0.517446140750 0.517441014655
0.563035101612 0.564199614798 0.564472697503 0.564568374134 0.564610292588 0.564631498035 0.564643360264
0.548491986350 0.550973235026 0.551289324953 0.551373516216 0.551406718904 0.551422535565 0.551431020097
0.587490829559 0.589307143067 0.589734796393 0.589887261292 0.589954763140 0.589989140462 0.590008460824
0.600332491674 0.602217835481 0.602656163628 0.602811764518 0.602880517394 0.602915486720 0.602935128216
0.592448397277 0.594104190767 0.594501534834 0.594643483389 0.594706392271 0.594738451438 0.594756477065
0.625494634205 0.628232574704 0.628855594168 0.629079760345 0.629179904290 0.629231235411 0.629260221885
0.552154144056 0.552418051361 0.552468757477 0.552485065197 0.552491915880 0.552495304024 0.552497175290
0.575800637547 0.577098693667 0.577420220677 0.577535431261 0.577586507707 0.577612528581 0.577627151674
0.488389070305 0.487832753799 0.487686848525 0.487634231559 0.487610894050 0.487599013754 0.487592343380
0.587608709047 0.588286522632 0.588426775718 0.588474560750 0.588495343656 0.588505853014 0.588511744141
0.571983717737 0.573405148339 0.573753480327 0.573877886715 0.573932960338 0.573960996559 0.573976745457
0.600902577911 0.602692721263 0.603117710899 0.603269565545 0.603336904535 0.603371240502 0.603390568495
0.574057772742 0.574761708008 0.574919334380 0.574974028566 0.574997944208 0.575010048546 0.575016828564
0.582639161265 0.584197829316 0.584577554838 0.584713210163 0.584773290623 0.584803886933 0.584821080207
0.579652020915 0.581159465088 0.581527313444 0.581658621288 0.581716740284 0.581746324293 0.581762941745
0.591239248570 0.592656326248 0.593004840863 0.593129737856 0.593185148251 0.593213397824 0.593229281018
0.570231323334 0.571131824047 0.571344491330 0.571419392148 0.571452331698 0.571469041865 0.571478410018
0.579639513239 0.580870671154 0.581118197654 0.581200262044 0.581235127221 0.581252428895 0.581261984128
0.559688781033 0.560192738678 0.560300410021 0.560336984941 0.560352803168 0.560360759079 0.560365197737
0.558732272535 0.558626257984 0.558579491774 0.558560689447 0.558552008551 0.558547510310 0.558544963505
0.583116078617 0.584542306536 0.584863599297 0.584975213557 0.585023904947 0.585048473699 0.585062195203
0.603211359339 0.604619026842 0.604944269371 0.605059737802 0.605110860052 0.605136928265 0.605151601486
0.570266747200 0.571845542046 0.572231702572 0.572369579199 0.572430610365 0.572461677624 0.572479127944
0.522208682308 0.520767943652 0.520442810969 0.520330052462 0.520280847908 0.520256003177 0.520242120115
0.531418741903 0.531628802887 0.531664574817 0.531675272449 0.531679572214 0.531681640243 