0.503393885491 0.503512316104 0.503516944488 0.503515322550 0.503513883455 0.503512937502 0.503512329422
0.563147456943 0.564574681114 0.564918657094 0.565040641321 0.565094440104 0.565121765184 0.565137106181
0.533726879838 0.534492973670 0.534660467168 0.534717312979 0.534741802409 0.534754067332 0.534760884671
0.516977232012 0.517314645523 0.517379410899 0.517400044785 0.517408638690 0.517412862182 0.517415175214
0.563443937417 0.564871231365 0.565216834466 0.565339672284 0.565393919312 0.565421495757 0.565436972820
0.538531568304 0.539374943456 0.539565808543 0.539631607663 0.539660199499 0.539674595679 0.539682625685
0.565246098929 0.566817604189 0.567201579731 0.567338581327 0.567399201820 0.567430052359 0.567447379012
0.566874920777 0.568449679876 0.568834980372 0.568972532628 0.569033413951 0.569064403698 0.569081810117
0.563223751144 0.564623776426 0.564959553995 0.565078389368 0.565130742034 0.565157314860 0.565172212876
0.565357747463 0.566938470127 0.567324822293 0.567462693517 0.567523703713 0.567554754224 0.567572193454
0.567234178855 0.568757741159 0.569130285827 0.569263234158 0.569322065676 0.569352007611 0.569368823665
0.515821527956 0.516232879446 0.516314875683 0.516341528591 0.516352755649 0.516358306875 0.516361367906
0.562981569377 0.564392652692 0.564734538935 0.564856057319 0.564909718941 0.564936996495 0.564952305020
0.566067920079 0.567600672703 0.567974905280 0.568108369968 0.568167409402 0.568197450218 0.568214319720
0.565655313565 0.567239521007 0.567626410463 0.567764430760 0.567825497388 0.567856574245 0.567874026296
0.547765588565 0.548633460768 0.548797962693 0.548850933203 0.548873045511 0.548883891767 0.548889832611
0.573562736481 0.575125794252 0.575506830390 0.575642748820 0.575702884388 0.575733486908 0.575750673749
0.555884261392 0.557213591147 0.557531583187 0.557643972976 0.557693455035 0.557718562992 0.557732637309
0.549468405921 0.550495316262 0.550735554581 0.550819637778 0.550856472823 0.550875110535 0.550885540092
0.557201595304 0.558361299983 0.558616698956 0.558704213500 0.558742090017 0.558761106018 0.558771689773
0.561636452275 0.563031518017 0.563368852276 0.563488645988 0.563541521202 0.563568391178 0.563583468184
0.467351638055 0.466994013200 0.466876287066 0.466830986301 0.466810210812 0.466799411244 0.466793233156
0.493986744979 0.493974403560 0.493936235786 0.493918307190 0.493909411219 0.493904595082 0.493901777164
0.305632309401 0.305698234680 0.305586822703 0.305533315212 0.305508207695 0.305494689941 0.305487632802
0.480040322663 0.479765391550 0.479685866338 0.479656058390 0.479642587512 0.479635656114 0.479631737697
0.352265935405 0.351584361182 0.351429031858 0.351374912262 0.351351641200 0.351339764019 0.351333153832
0.408492293892 0.407868791098 0.407717839153 0.407664463821 0.407640990615 0.407629059067 0.407622384655
0.534844119515 0.535689254082 0.535879937237 0.535945608858 0.535974134534 0.535988495065 0.535996505002
0.547435494356 0.548412047419 0.548636495356 0.548714397511 0.548748362952 0.548765497572 0.548775065184
0.458852823499 0.458522638312 0.458430667793 0.458396625358 0.458381328501 0.458373481516 0.458369053986
0.479704160979 0.479533563853 0.479475528098 0.479452793859 0.479442311619 0.479436857718 0.479433752944
0.495249273045 0.495310284102 0.495307587251 0.495304321261 0.495302393108 0.495301278308 0.495300601609
0.544123003061 0.545059814258 0.545266912795 0.545337622478 0.545368171727 0.545383494703 0.545392018836
0.567902735872 0.569455729269 0.569832462470 0.569966514335 0.570025744140 0.570055861178 0.570072765542
0.553547383052 0.554641273254 0.554890473342 0.554976732387 0.555014278373 0.555033196322 0.555043751817
0.502553357033 0.507109693601 0.507940529586 0.508119375003 0.508174712178 0.508198628458 0.508211184860
0.571375011538 0.572935187723 0.573313710408 0.573448466225 0.573508023990 0.573538313113 0.573555316334
0.567169350774 0.568549467139 0.568883698756 0.569002549529 0.569055052471 0.569081748862 0.569096734277
0.504778893571 0.505371459274 0.505357095219 0.505338309420 0.505327395508 0.505321043532 0.505317173293
0.543661585854 0.544565934480 0.544774200861 0.544846573307 0.544878158441 0.544894104233 0.544903014234
0.538819247933 0.539590691113 0.539757651934 0.539814051066 0.539838276958 0.539850386113 0.539857107251
0.493355732225 0.493308742876 0.493262703391 0.493242050965 0.493231969914 0.493226553780 0.493223404957
0.569972801128 0.571549081890 0.571934280981 0.572071785544 0.572132648000 0.572163628641 0.572181031521
0.443829724847 0.443365180238 0.443244701474 0.443201109727 0.443181722891 0.443171833077 0.443166273843
0.524799529608 0.525061652570 0.525110705890 0.525126023609 0.525132320182 0.525135385494 0.525137058534
0.563623735484 0.565097196928 0.565454643471 0.565581761647 0.565637909388 0.565666453428 0.565682473374
0.556494935081 0.557725478567 0.558019263250 0.558123000266 0.558168652501 0.558191812098 0.558204792978
0.558878416908 0.560247312445 0.560576582579 0.560693233840 0.560744654800 0.560770765341 0.560785408256
0.566609785278 0.568126546667 0.568496716772 0.568628720925 0.568687113748 0.568716826289 0.568733509630
0.567710365983 0.569304274859 0.569693919374 0.569832993719 0.569894543922 0.569925872022 0.569943467725
