0.576677338452 0.577636265293 0.577847547734 0.577921297524 0.577953661729 0.577970079045 0.577979288855
0.596475765880 0.597316055588 0.597494451232 0.597555880221 0.597582737788 0.597596360185 0.597604008619
0.579339110776 0.579584038417 0.579620710489 0.579631371201 0.579635677242 0.579637781379 0.579638945317
0.435728697647 0.434996100208 0.434819646517 0.434757442141 0.434730111560 0.434716261597 0.434708507511
0.626274102211 0.627787698048 0.628162066264 0.628297176287 0.628357537173 0.628388497624 0.628405997052
0.495284921008 0.494265265455 0.494024017879 0.493939332466 0.493902189395 0.493883386634 0.493872861978
0.499689335712 0.498810754020 0.498596966026 0.498521313109 0.498488020573 0.498471137621 0.498461674759
0.462910450107 0.462042413117 0.461836295106 0.461763839332 0.461732036410 0.461715915054 0.461706921087
0.596194949106 0.595139343783 0.594927626765 0.594856213074 0.594825368907 0.594809883005 0.594801260903
0.391271786375 0.390417462741 0.390223755778 0.390156663048 0.390127407280 0.390112641276 0.390104391995
0.651586344689 0.656100984029 0.657193313604 0.657596008072 0.657778783889 0.657873425224 0.657927235509
0.489586384049 0.488592198564 0.488356144529 0.488273239167 0.488236866891 0.488218461015 0.488208156084
0.562656635622 0.562606434363 0.562571870721 0.562557279931 0.562550439231 0.562546873295 0.562544849707
0.505739794586 0.505480472428 0.505405148722 0.505376851559 0.505364040500 0.505357448956 0.505353719927
0.616650518697 0.617176782702 0.617309675717 0.617357629122 0.617379095545 0.617390139094 0.617396400690
0.550714621155 0.550077939160 0.549923920892 0.549869019552 0.549844743411 0.549832396406 0.549825466657
0.413874225331 0.413167042878 0.412998791000 0.412939614057 0.412913659672 0.412900498499 0.412893141276
0.548546429401 0.548145309297 0.548031267421 0.547989074140 0.547970174649 0.547960505902 0.547955064475
0.440314883484 0.439388483089 0.439173468483 0.439098452283 0.439065635763 0.439049045705 0.439039772004
0.558033210641 0.557553929515 0.557427409410 0.557381370564 0.557360862621 0.557350400010 0.557344517111
0.529947445826 0.529477287749 0.529348089792 0.529300774431 0.529279656790 0.529268874625 0.529262811225
0.425052354636 0.424287068065 0.424106202089 0.424042699003 0.424014839923 0.424000729906 0.188999457426
0.475867482788 0.474954264541 0.474736235819 0.474659548543 0.474625888737 0.474608841724 0.474599304051
0.559531841535 0.559176879741 0.559075914339 0.559038479013 0.559021685679 0.559013091161 0.559008253226
0.509084583676 0.507954754975 0.507690270867 0.507597670562 0.507557100206 0.507536572838 0.507525087751
0.503069766129 0.502095643957 0.501861926407 0.501779567401 0.501743388408 0.501725059231 0.501714795624
0.476382913518 0.475558995900 0.475358944905 0.475288231900 0.475257128796 0.475241360962 0.475232527787
0.565371971577 0.565313753216 0.565277606042 0.565262461524 0.565255379537 0.565251691907 0.565249600248
0.509903107769 0.509379257402 0.509239045039 0.509188130550 0.509165484297 0.509153939489 0.509147453958
0.489793788396 0.488873514288 0.488652224141 0.488574213752 0.488539940352 0.488522574516 