0.006289037869 0.482623277225 0.006326413390 0.004761271516
0.001424615071 0.493344856925 0.003579860279 0.001650667725
0.000079358760 0.487747057886 0.005557344973 0.006616238380
0.001181330391 0.494523872542 0.001621120669 0.002673676398
0.003562954392 0.483631178575 0.007890996454 0.004914870578
0.008969117831 0.476479033862 0.002457187614 0.012094660694
0.000248824418 0.494438075865 0.000801060987 0.004512038730
0.010307998084 0.479375215573 0.002768586067 0.007548200275
0.004921788189 0.493080843786 0.001092157561 0.000905210464
0.016789397778 0.473053770213 0.005332893092 0.004823938916
0.006045919410 0.479329688166 0.007726174861 0.006898217563
0.020483958817 0.469780082098 0.004656209634 0.005079749450
0.015146206381 0.465114800983 0.000725883418 0.019013109218
0.034737524051 0.433060532987 0.011350020065 0.020851922897
0.005170177063 0.485460566603 0.004910208987 0.004459047346
0.010774998786 0.481417724511 0.007037283940 0.000769992763
0.008148783500 0.480724453848 0.005410597924 0.005716164728
0.001108461982 0.491921460601 0.002727228203 0.004242849214
0.005575743578 0.481560784060 0.010091897659 0.002771574703
0.005654392667 0.489313525333 0.000964013461 0.004068068540
