0.10 2.21 0.95 0.23
0.45 2.73 0.67 0.74
0.53 3.20 0.74 0.51
0.05 6.39 0.25 0.50
0.60 1.13 0.32 0.58
0.48 4.13 0.31 0.16
0.94 9.58 0.57 0.77
0.52 8.19 0.68 0.16
0.97 1.68 0.11 0.44
0.28 9.37 0.25 0.20
0.31 0.67 0.77 0.50
0.86 8.31 0.46 0.48
0.51 3.94 0.59 0.69
0.22 4.67 0.93 0.09
0.67 1.11 0.36 0.27
0.74 3.44 0.08 0.68
0.09 8.45 0.66 0.09
0.42 3.08 0.43 0.36
0.39 7.02 0.13 0.41
0.96 4.73 0.89 0.31
0.59 6.61 0.69 0.84
0.70 9.60 0.48 0.61
0.76 4.16 0.37 0.77
0.77 4.94 0.19 0.37
0.96 8.04 0.52 0.51
0.46 8.12 0.46 0.60
0.68 4.70 0.78 0.75
0.38 7.47 0.85 0.71
0.60 6.64 0.42 0.41
0.72 2.30 0.99 0.91
0.17 6.72 0.26 0.23
0.76 8.53 0.77 0.13
0.70 4.56 0.53 0.89
0.08 4.77 0.53 0.21
0.89 5.68 0.72 0.95
0.52 0.29 0.47 0.45
0.89 9.78 0.65 0.04
0.52 0.05 0.43 0.45
0.73 3.46 0.30 0.82
0.29 7.50 0.86 0.88
0.60 1.46 0.36 0.46
0.45 3.55 0.28 0.97
0.39 3.78 0.97 0.32
0.98 1.64 0.60 0.67
0.23 5.18 0.60 0.44
0.94 5.18 0.56 0.90
0.11 8.39 0.30 0.83
0.92 2.89 0.24 0.91
