0.003852282213 0.097938052528 0.002218175119 0.395991490141
0.002203730093 0.201105490328 0.002391979056 0.294298800523
0.000404588609 0.139565668318 0.001923508522 0.358106234551
0.003602807375 0.379949944081 0.002864132240 0.113583116305
0.000927481876 0.292437392695 0.003311209490 0.203323915939
0.003476567997 0.147018155266 0.000512849959 0.348992426778
0.001168017180 0.264364566526 0.000256946344 0.234210469950
0.002258515588 0.240554895408 0.000823837337 0.256362751667
0.002418358213 0.195956172890 0.003329839762 0.298295629135
0.001007319598 0.237862265452 0.000185406307 0.260945008643
0.004284729933 0.268667042135 0.001326148570 0.225722079361
0.000142531135 0.380065893791 0.002155431795 0.117636143279
0.003049129748 0.292501369507 0.001961230086 0.202488270660
0.003265874635 0.225294723359 0.000744472484 0.270694929522
0.000209513170 0.236168789900 0.000870418203 0.262751278727
0.006420481281 0.127279097864 0.011369815261 0.354930605595
0.005192025490 0.229716253040 0.005933136766 0.259158584704
0.000491430763 0.189430612508 0.000455737749 0.309622218979
0.003066036195 0.331544821436 0.003040189258 0.162348953111
0.001973288060 0.156527803844 0.009407687823 0.332091220274
0.002585771704 0.295937601451 0.001633977409 0.199842649436
0.002425670893 0.065922822416 0.004047958704 0.427603547986
0.001299347666 0.086630887035 0.004669388488 0.407400376811
0.005538696897 0.001748006889 0.003264470465 0.489448825749
0.005780056801 0.415299151593 0.004257745324 0.074663046282
0.001429662766 0.476767932381 0.002652941065 0.019149463789
0.000127323128 0.456647126147 0.002414129708 0.040811421018
0.000294221148 0.146640574894 0.000140572918 0.352924631040
0.005170781394 0.156459597626 0.001804198567 0.336565422413
0.000000869963 0.429361877889 0.002176050198 0.068461201949
0.004391338049 0.080357499912 0.000500990570 0.414750171469
0.000585205421 0.401431844450 0.002616968091 0.095365982039
0.000500926678 0.148626832223 0.004560947858 0.346311293241
0.000060282820 0.219665447029 0.004221953333 0.276052316817
0.003193185063 0.160679195365 0.005214641565 0.330912978007
0.033423602832 0.005853730964 0.038988685971 0.421733980233
0.002401350909 0.221126260356 0.005913072911 0.270559315824
0.004469858191 0.291338223658 0.005874850505 0.198317067646
0.004445608061 0.069089001765 0.016421243941 0.410044146233
0.004006288034 0.341515243313 0.001870857023 0.152607611630
0.003703587444 0.138707587827 0.003396029770 0.354192794960
0.002597883966 0.084733053265 0.004612363613 0.408056699157
0.001224167399 0.258760774326 0.004363178299 0.235651879976
0.000688073157 0.438744633093 0.002449786622 0.058117507128
0.016615821420 0.372037821229 0.000585853368 0.110760503983
0.002338582237 0.210306076218 0.001137502188 0.286217839357
0.003268947410 0.313717275511 0.002039274538 0.180974502541
0.002083567296 0.195089036580 0.000563047668 0.302264348456
0.002831046928 0.273814714943 0.001976354820 0.221377883309
0.000449957430 0.245545902585 0.002210559097 0.251793580887
