0.95 72.76 0.95 0.72
0.24 82.36 0.60 0.28
0.01 36.72 0.42 0.50
0.20 84.21 0.28 0.46
0.21 28.30 0.46 0.29
0.66 35.25 0.18 0.89
0.05 99.30 0.16 0.91
0.81 37.54 0.22 0.59
0.47 47.55 0.11 0.09
0.65 18.20 0.21 0.19
0.49 38.86 0.63 0.56
0.78 17.83 0.18 0.19
0.50 15.42 0.02 0.63
0.71 8.84 0.23 0.43
0.69 65.01 0.66 0.60
0.61 27.21 0.40 0.04
0.87 51.08 0.57 0.61
0.21 93.21 0.52 0.80
0.51 43.97 0.92 0.25
0.95 82.08 0.16 0.68
0.83 36.93 0.99 0.58
0.79 17.94 0.43 0.85
0.41 20.20 0.67 0.68
0.82 19.53 0.42 0.72
0.12 63.88 0.29 0.39
0.22 45.27 0.35 0.94
0.47 78.68 0.43 0.88
0.95 22.32 0.87 0.70
0.12 5.18 0.76 0.16
0.45 38.64 0.00 0.62
0.34 24.83 0.59 0.02
0.62 35.40 0.55 0.12
0.01 17.00 0.25 0.20
0.50 82.28 0.56 0.10
