0.013947372472 0.316231677819 0.136363831791 0.033457117919
0.048574535472 0.297929955380 0.073114511913 0.080380997236
0.053428995419 0.321049819257 0.074494053203 0.051027132121
0.003221501752 0.444815975275 0.017371300764 0.034591222208
0.113849943495 0.215147233633 0.061541227676 0.109461595196
0.047706123692 0.406437912572 0.030345954453 0.015510009283
0.039791397055 0.403752311266 0.023877645443 0.032578646235
0.027226047145 0.428829978005 0.035568526679 0.008375448171
0.151641224544 0.262610180697 0.016659936531 0.069088658229
0.013651154127 0.464124246206 0.012298606934 0.009925992732
0.069620083312 0.149040807314 0.169826443771 0.111512665603
0.042306892738 0.411148285575 0.022988084384 0.023556737303
0.044529459753 0.343801370587 0.051395244798 0.060273924861
0.018588392117 0.395659072377 0.078383483441 0.007369052065
0.139011551053 0.229685759391 0.074864423696 0.056438265860
0.074666944494 0.348849410290 0.007934874431 0.068548770786
0.004795067603 0.454578138451 0.035740651987 0.004886141959
0.049198728753 0.358927292408 0.050190064580 0.041683914259
0.024519796199 0.441927748034 0.007981491559 0.025570964209
0.069474871841 0.343635627439 0.064345518849 0.022543981872
0.033934305221 0.378792817618 0.039404781432 0.047868095729
0.030701693094 0.421118055718 0.021237503368 0.026942747820
0.062482520628 0.343733206506 0.030270916519 0.063513356347
0.061205091953 0.394593024662 0.015032664646 0.029169218739
0.047768610546 0.400670100491 0.025999179808 0.025562109155
0.023753584790 0.421075737267 0.024057861435 0.031112816508
0.049029831535 0.340100257511 0.056793983219 0.054075927735
0.020140534919 0.396998435374 0.045218915927 0.037642113780
0.037181906860 0.411292702467 0.026156791212 0.025368599461
0.073173314892 0.234141028099 0.100409150265 0.092276506743
0.011261928830 0.455570917457 0.017820614601 0.015346539111
0.037163016548 0.418782719739 0.037736079439 0.006318184274
0.052129322109 0.341127132620 0.039894888657 0.066848656613
0.007237458139 0.427097077525 0.047207533415 0.018457930921
0.053920826273 0.344965522441 0.043471956423 0.057641694863
0.150461317251 0.082596553238 0.135740114247 0.131202015264
0.039270675766 0.430317225287 0.028500580071 0.001911518876
0.180750227853 0.017186013164 0.148242264293 0.153821494690
0.069113954628 0.325302280001 0.028204833086 0.077378932285
0.015456010285 0.393290797144 0.044973393876 0.046279798695
0.103777607043 0.253485393472 0.062711007179 0.080025992306
0.042507359628 0.338001458918 0.026695877715 0.092795303739
0.035534276684 0.346159183605 0.088812221055 0.029494318657
0.126437519695 0.210684529614 0.076649710974 0.086228239717
0.018198445826 0.401011456234 0.046572392370 0.034217705570
0.061978258768 0.341585996615 0.037090713279 0.059345031338
0.005831166966 0.435415335423 0.015516169854 0.043237327758
0.093036220359 0.290658900653 0.024354548825 0.091950330164
