0.008618579963 0.044169546843 0.046993325188 0.400218548006
0.040057966574 0.001085349698 0.116106038954 0.342750644774
0.024131919050 0.007409735004 0.240780047343 0.227678298603
0.035256303545 0.024727856117 0.124539368816 0.315476471522
0.051687668345 0.040513631159 0.176184819758 0.231613880738
0.020390211198 0.018394034531 0.241553116291 0.219662637980
0.028534421271 0.021110381997 0.223444861751 0.226910334982
0.031278881385 0.040618324002 0.192823700807 0.235279093806
0.006658203609 0.043448500527 0.369220105274 0.080673190591
0.004931299078 0.036931500000 0.231887160182 0.226250040740
0.005565137420 0.046355408773 0.050391531717 0.397687922090
0.033771637099 0.031561843416 0.132895114198 0.301771405288
0.003888990009 0.021006621498 0.256554932245 0.218549456248
0.002543864299 0.015634351035 0.424822044600 0.056999740066
0.030964500273 0.025190625689 0.162485749022 0.281359125016
0.034692943813 0.008715573235 0.278001042156 0.178590440796
0.007931208235 0.007223588625 0.203494217991 0.281350985150
0.024734242172 0.038916813880 0.395063425059 0.041285518889
0.053730296171 0.040401969649 0.048992993970 0.356874740210
0.027696238519 0.027376444094 0.278937635474 0.165989681913
0.055792591193 0.007330773498 0.143885820034 0.292990815275
0.016230780927 0.014923494109 0.322616085120 0.146229639844
0.023798157088 0.002785463404 0.310615112417 0.162801267090
0.021153685855 0.024196877292 0.239517327353 0.215132109499
0.012830888262 0.004373573431 0.290829136972 0.191966401335
0.024497766104 0.002238875240 0.181484240063 0.291779118592
0.000426860098 0.005206609826 0.154333380161 0.340033149914
0.043918623338 0.028695099944 0.009209473682 0.418176803036
0.001841907739 0.034014612686 0.228357782481 0.235785697094
0.056026640652 0.004640598822 0.016080409444 0.423252351082
0.005734595776 0.020868517171 0.181870141018 0.291526746036
0.029126503125 0.032938064383 0.324627436051 0.113307996441
0.013471545700 0.063095213689 0.066356612253 0.357076628358
0.002260265574 0.017032277833 0.321313611971 0.159393844622
0.044183042670 0.045207294271 0.139074475730 0.271535187330
0.006767153674 0.009386118929 0.228606471062 0.255240256335
0.001272177085 0.037119683752 0.223092371567 0.238515767596
0.003689203938 0.027687929583 0.227738363662 0.240884502816
0.069020740240 0.040168628301 0.117396513881 0.273414117578
0.016696130444 0.022796959877 0.229787929969 0.230718979709
0.007189171469 0.095945982129 0.222880468303 0.173984378099
0.045626975638 0.045052031473 0.024583343634 0.384737649255
0.007000880862 0.039132499327 0.134659060701 0.319207559110
0.016173262455 0.021747972737 0.131067565957 0.331011198851
0.014914598510 0.080627316706 0.205383876849 0.199074207935
0.027131869675 0.027043380755 0.097289211948 0.348535537621
0.091087415007 0.083671184196 0.313240403873 0.012000996924
0.201943448688 0.177601350231 0.120320170686 0.000135030396
0.043703727784 0.031775666295 0.257040461684 0.167480144237
0.057527093690 0.059899695869 0.318479806209 0.064093404232
