0.003801029403 0.012376685302 0.054209650230 0.429612635065
0.000455016263 0.009170013435 0.130653562368 0.359721407935
0.002386512601 0.001754424192 0.268128154482 0.227730908726
0.003116259775 0.001190335722 0.079493217283 0.416200187220
0.002325007270 0.003732711105 0.362569193640 0.131373087985
0.010033611485 0.002641701115 0.430199491102 0.057125196299
0.005170010719 0.005720096286 0.293515817897 0.195594075097
0.002586064467 0.000295971560 0.217611846992 0.279506116981
0.001738014587 0.001791614019 0.222133219725 0.274337151669
0.005873248089 0.001624122323 0.162010867935 0.330491761653
0.001072691727 0.001623912720 0.227929967950 0.269373427603
0.006033454172 0.002708922963 0.213585313348 0.277672309517
0.004785915605 0.005108114963 0.204551307913 0.285554661519
0.000773383676 0.003661829194 0.126344312664 0.369220474466
0.004224043759 0.002262684081 0.445599186932 0.047914085228
0.001054658683 0.003234070573 0.142878667794 0.352832602950
0.002426855218 0.001146625262 0.173955267190 0.322471252329
0.002636847665 0.005392260069 0.067291032796 0.424679859470
0.000111182538 0.004600246879 0.258422877512 0.236865693070
0.004519290985 0.003917534932 0.468624650078 0.022938524005
0.007399277523 0.005390497804 0.221816186200 0.265394038473
0.003607868921 0.003836988718 0.428009938844 0.064545203517
0.001176018639 0.000332286900 0.349664500612 0.148827193850
0.004799233585 0.006569232965 0.359552639335 0.129078894115
0.002224073405 0.002540024327 0.221654127364 0.273581774904
0.000166287622 0.002728909177 0.311993553685 0.185111249515
0.004975631002 0.013721819594 0.295609297557 0.185693251846
0.000257213495 0.001670333784 0.349313085804 0.148759366917
0.006603280122 0.005066917227 0.366392027459 0.121937775192
0.000177399578 0.001877861876 0.164862656712 0.333082081834
0.004170764991 0.001964526555 0.182614843665 0.311249864789
0.002275201920 0.000459733945 0.112406280411 0.384858783724
0.016964295244 0.034270462300 0.413517116930 0.035248125526
0.002850341823 0.005206407754 0.052145881109 0.439797369314
0.001774654032 0.000140130549 0.193582278768 0.304502936652
0.004588956933 0.002115692980 0.197753383376 0.295541966711
0.001366596160 0.001382526175 0.454090384833 0.043160492832
0.008667464691 0.004599307357 0.072928683596 0.413804544356
0.001705844616 0.002675200910 0.381487925997 0.114131028477
0.005035171693 0.003452283141 0.000969685827 0.490542859339
0.001006393541 0.004877607418 0.478575713812 0.015540285228
0.004283393578 0.008063749524 0.486887984908 0.000764871990
0.000712155174 0.007691475177 0.269110559392 0.222485810258
0.002326600432 0.001517688388 0.138983903772 0.357171807408
0.001069823104 0.002140534563 0.113462497513 0.383327144820
0.000703735377 0.003886543033 0.217052977754 0.278356743836
0.007381365506 0.004728406204 0.341056124109 0.146834104180
0.002532061868 0.002726038009 0.255843286936 0.238898613187
0.002051286866 0.001294033579 0.271814209557 0.224840469997
0.001565547102 0.000444597727 0.423092122030 0.074897733141
