0.641789338836 0.652985860572 0.655737153184 0.656626888423 0.657005340834 0.657198387759 0.657308294718
0.616478319464 0.616425441762 0.616580307419 0.616662755296 0.616704527529 0.616727308807 0.616740661434
0.625051989692 0.627165188870 0.627679307072 0.627863150209 0.627944697010 0.627986297864 0.628009713658
0.632514036432 0.635213444249 0.635907733555 0.636160232508 0.636273164832 0.636331066605 0.636363770039
0.649296134646 0.653246351013 0.654309883793 0.654709186803 0.654891277356 0.654985797108 0.655039625221
0.612613278293 0.615553513472 0.616162791091 0.616371057233 0.616461687512 0.616507373331 0.616532878788
0.638532208228 0.641467038323 0.642207256474 0.642477666616 0.642599110728 0.642661552653 0.642696886416
0.620313995209 0.620500981397 0.620650608946 0.620716500614 0.620748159119 0.620765018804 0.620774767601
0.652614411095 0.658317267344 0.659554163461 0.659995264275 0.660194951426 0.660298466257 0.660357384446
0.646120690022 0.651497831612 0.653061248768 0.653667381885 0.653948721245 0.654096367378 0.654181067105
0.654378718771 0.659163003665 0.660420466231 0.660893159473 0.661109198287 0.661221504483 0.661285524129
0.641905354249 0.644964839047 0.645783201581 0.646087988824 0.646226303004 0.646297880059 0.646338559697
0.645083885278 0.648449641321 0.649342014402 0.649674056314 0.649824697781 0.649902644004 0.649946939719
0.597066753597 0.596168862406 0.596010264275 0.595958809761 0.595936896361 0.595925962009 0.595919892188
0.630638651990 0.638338844805 0.640079198475 0.640663102385 0.640920805552 0.641053582188 0.641129031920
0.649660057606 0.661538132985 0.664283828325 0.665129380881 0.665480667201 0.665658455744 0.665759435395
0.641359807798 0.644193686479 0.644948055629 0.645228566314 0.645355786157 0.645421604470 0.645459006529
0.616354644495 0.616517113242 0.616612800853 0.616652846458 0.616671786801 0.616681790197 0.616687543011
0.646881448504 0.650887965287 0.651967777779 0.652372749816 0.652557246700 0.652652947709 0.652707420726
0.647920700719 0.652015084018 0.652976346294 0.653328224210 0.653487428964 0.653569711615 0.653616439112
0.636764265682 0.650906671075 0.654942611274 0.656255702488 0.656779827355 0.657033815875 0.657175122709
0.655271262152 0.661455740671 0.663166988012 0.663824846016 0.664129444150 0.664289089541 0.664380597370
0.633929784314 0.638623673809 0.639880002883 0.640349807373 0.640563286332 0.640673782774 0.640736576613
0.609501698420 0.607745127406 0.607471994100 0.607400756106 0.607373731310 0.607361131069 0.607354442423
0.654338151560 0.663999884640 0.666422179718 0.667286442232 0.667679196815 0.667884860724 0.668002984952
0.641690084288 0.645065263214 0.645898443854 0.646203417635 0.646340703981 0.646411398235 0.646451442347
0.637543818142 0.639890633190 0.640501104583 0.640725918040 0.640827367876 0.640879700465 0.640909383793
0.638855684008 0.641429703111 0.642097937615 0.642343898252 0.642454836218 0.642512038074 0.642544471237
0.616754875485 0.617036864888 0.617159896252 0.617209229196 0.617232154634 0.617244145189 0.617250998153
0.606786765704 0.606327746835 0.606282460041 0.606272795978 0.606269728759 0.606268500493 0.606267925165
0.649877762736 0.657187009811 0.659281865484 0.660100938106 0.660484178154 0.660686402402 0.660802849274
0.623859457469 0.624704525961 0.625035170272 0.625169616673 0.625232680875 0.625265891871 0.625284973020
0.657345138030 0.663452680503 0.665093953333 0.665719609021 0.666008338215 0.666159374878 0.666245836656
0.620417228697 0.621444139515 0.621714798596 0.621814118644 0.621858772450 0.621881738452 0.621894734259
0.653463801441 0.662594026174 0.664549410048 0.665188269250 0.665469350995 0.665614695497 0.665697614941
0.592000861639 0.589044443286 0.588404000100 0.588187114916 0.588092618671 0.588044837317 0.588018096086
0.656412155656 0.662849371357 0.664605612972 0.665279013323 0.665590784554 0.665754208447 0.665847890592
0.604726734213 0.602583665171 0.602194942575 0.602079182321 0.602031581632 0.602008228187 0.601995395856
0.614154725312 0.615698539957 0.616298859680 0.616546927275 0.616663739585 0.616725315279 0.616760703927
0.610265677947 0.611171963269 0.611464994977 0.611571891911 0.611618826688 0.611642537579 0.611655798095
0.644487445816 0.648543239516 0.649673637104 0.650102379156 0.650298875146 0.650401173928 0.650459543860
0.630765851417 0.632813328276 0.633387308768 0.633602066289 0.633699541636 0.633749965446 0.633778612395
0.635693876955 0.638908779502 0.639639986037 0.639904697049 0.640023596511 0.640084765521 0.640119396956
