0.532483762126 0.538283652612 0.539311626064 0.539551020484 0.539633902841 0.539672234545 0.539692973765
0.584462047633 0.597215600210 0.601722203442 0.603345360303 0.603984578614 0.604272700038 0.604422246126
0.607826157921 0.623481752485 0.630828534852 0.634240415923 0.635836644153 0.636609350815 0.637005451715
0.608525877558 0.621240659493 0.624961541127 0.626162816458 0.626628557877 0.626847838005 0.626967641258
0.645821039335 0.658159958800 0.661373858981 0.662430371646 0.662878209973 0.663105967225 0.663235679935
0.614503519241 0.630806428680 0.637726810862 0.640651653287 0.641923533482 0.642513015798 0.642811613747
0.624162161244 0.640360690965 0.646361503803 0.648633835951 0.649562042579 0.649988016856 0.650210022798
0.637274733969 0.651966938099 0.656322685649 0.657765136084 0.658339882795 0.658616065730 0.658768795210
0.566558867116 0.577132668524 0.579924865114 0.580734143234 0.581021806591 0.581150404011 0.581218884139
0.616538160468 0.633359885777 0.640262560817 0.643083639944 0.644275741083 0.644816968902 0.645088028626
0.535692477916 0.542189709383 0.543419280263 0.543714081205 0.543816014008 0.543862980039 0.543888420424
0.616903117860 0.629858861412 0.633561936699 0.634750507887 0.635215455041 0.635437075765 0.635559169684
0.598884716939 0.613863000382 0.621677492545 0.625707489577 0.627765148126 0.628824105974 0.629383009289
0.488641100863 0.498080490411 0.501970719903 0.503507536955 0.504123381686 0.504385337275 0.504508051476
0.620306645151 0.635200243205 0.640121841692 0.641836946895 0.642513924138 0.642827076000 0.642994487757
0.613311796189 0.628830662668 0.634862018582 0.637230793666 0.638217232007 0.638670720861 0.638904914242
0.584218284443 0.596007883172 0.603177285494 0.607589068486 0.610259194207 0.611858102703 0.612814026551
0.538364483246 0.542185625006 0.542730723026 0.542853629476 0.542897927022 0.542918609496 0.542929666028
0.577348428578 0.580621718529 0.581148951905 0.581301270134 0.581363609643 0.581394098251 0.581410777359
0.620296417841 0.635447781404 0.640538928417 0.642330005282 0.643037100909 0.643362239208 0.643534899172
0.619898556784 0.632922986996 0.636821623989 0.638128126985 0.638655145163 0.638910558702 0.639052383703
0.587605106248 0.602178390577 0.608645128524 0.611465431894 0.612712828338 0.613291313331 0.613580298394
0.588933274985 0.603142841810 0.610079340105 0.613404831598 0.614997661850 0.615779205113 0.616180871637
0.620125032723 0.636538476429 0.642941447776 0.645459573374 0.646504751784 0.646981626423 0.647225640800
0.584785690534 0.597222730985 0.604505045088 0.608771841334 0.611229970575 0.612636190082 0.613444039431
0.595279929489 0.609826812873 0.617028379133 0.620541463219 0.622251625639 0.623101854022 0.623542720427
0.550392246321 0.556558779525 0.560901573746 0.564196110964 0.566696819802 0.568574107659 0.569967555942
0.489627403629 0.488792657011 0.488538935247 0.488443553140 0.488400263272 0.488377883009 0.488365176667
0.610903755250 0.627505581089 0.634894355571 0.638143488159 0.639591288792 0.640265761384 0.640602993171
0.489425807522 0.488841994930 0.488580879675 0.488477001736 0.488428904025 0.488403733826 0.488389322512
0.594317528156 0.609297344721 0.616771746525 0.620440633257 0.622231581749 0.623120324717 0.623577936330
0.603979934532 0.615986823395 0.619304451035 0.620336911294 0.620732681108 0.620919452940 0.621021867843
0.579528268574 0.586506924430 0.587827132433 0.588185062975 0.588325591944 0.588394641487 0.588433032731
0.576170206799 0.589216596415 0.596453766174 0.600411551521 0.602540685332 0.603684409314 0.604306817015
0.635372593031 0.646798222668 0.649654193213 0.650565349024 0.650945767155 0.651137866822 0.651246814634
0.588879834561 0.601180173885 0.608562956198 0.613043883624 0.615719873845 0.617302623472 0.618238583038
0.613079109266 0.629849809005 0.637058285625 0.640126814910 0.641460315929 0.642072639395 0.642377904815
0.606596522012 0.622705142680 0.630339660464 0.633907786290 0.635579072200 0.636384000984 0.636791984087
0.636676072664 0.645239294123 0.647233152206 0.647905561550 0.648202876358 0.648356518006 0.648444081098
0.615253223899 0.631702105607 0.638635891855 0.641546028087 0.642803838654 0.643384143122 0.643677284749
0.646436442140 0.658837952730 0.661793865484 0.662699592723 0.663069799876 0.663255388388 0.663360447671
0.540772331026 0.541468961534 0.541475844514 0.541461287738 0.541451416996 0.541445342498 0.541441534762
0.598785816410 0.613569760538 0.618758294209 0.620609678460 0.621326381747 0.621642393547 0.621803173527
0.588443895395 0.602798724122 0.608365726381 0.610517290476 0.611389716994 0.611777838820 0.611972044399
0.646782349305 0.659928455784 0.663240889337 0.664272832240 0.664691791543 0.664900285971 0.665018001199
0.585885218769 0.597120604341 0.600250238608 0.601211000059 0.601569600330 0.601734856309 0.601824204848
0.581088409079 0.581201210271 0.581195715822 0.581188559577 0.581184195993 0.581181615477 0.581180035822
0.605804245040 0.603901206080 0.603600591750 0.603514744842 0.603480337211 0.603463733843 0.603454706173
0.635603338143 0.649148628256 0.652981929326 0.654239711112 0.654750608032 0.655001745580 0.655142526430
0.607350765498 0.611729368911 0.612576352956 0.612852618611 0.612972249463 0.613032674789 0.613066469505
