0.480018775068 0.489052926978 0.492944097052 0.494538959260 0.495196267785 0.495480343116 0.495613713097
0.543830326951 0.552544287920 0.558305356378 0.562136771327 0.564634459890 0.566237285433 0.567257219628
0.570776255674 0.576070938212 0.579594910104 0.582362041998 0.584603171156 0.586421166291 0.587887214869
0.483698351528 0.488322718248 0.491917633577 0.494623127440 0.496605887013 0.498030205816 0.499039079532
0.537264732344 0.543569314916 0.548069676892 0.551410289318 0.553864748078 0.555641401250 0.556911744317
0.476033347678 0.484494810266 0.488780226596 0.490811138513 0.491757434013 0.492204721010 0.492424794382
0.575860268819 0.585593072170 0.591923182166 0.596194589080 0.599041584099 0.600912904377 0.602132351571
0.567298146912 0.571501339036 0.574194383231 0.576340678867 0.578138820856 0.579661184865 0.580948846129
0.569043790363 0.573828169136 0.576968618436 0.579455540778 0.581503435710 0.583199074507 0.584597741769
0.558035314520 0.565492832596 0.570623104771 0.574339097743 0.577009579896 0.578901786985 0.580227283249
0.568348831491 0.572440576295 0.575018610970 0.577069040192 0.578793450087 0.580262974032 0.581515993712
0.576355299879 0.584870053001 0.590555121941 0.594605932455 0.597480136486 0.599493667432 0.600889449782
0.576380273268 0.585586665271 0.591655346304 0.595857897986 0.598742367478 0.600695278760 0.602004643076
0.530066022667 0.535072079941 0.538751731062 0.541620168461 0.543850635681 0.545564991064 0.546867388208
0.442437966201 0.448646474013 0.452620091645 0.454962726435 0.456295311503 0.457042806575 0.457462341262
0.541133654709 0.546122602819 0.549714708972 0.552537872277 0.554770026260 0.556520337845 0.557878725975
0.555891886694 0.560463691072 0.563604394828 0.566111184406 0.568164505912 0.569846640640 0.571216001825
0.477824323481 0.485087070558 0.489746685630 0.492570112573 0.494227219950 0.495185697078 0.495739002373
0.572335103487 0.578131775569 0.582016041666 0.585034925859 0.587440814154 0.589356057145 0.590869669352
0.393742385717 0.399331427455 0.401582230919 0.402425059539 0.402743546665 0.402871918679 0.402929588899
0.583637483249 0.594414085404 0.601227510639 0.605662602890 0.608509872580 0.610314320848 0.611450732365
0.472362920986 0.479245581245 0.483748979553 0.486519640485 0.488168408027 0.489134144573 0.489697894287
0.538980139801 0.541432216226 0.543024494347 0.544337692650 0.545482023389 0.546493996348 0.547391537449
0.546390896481 0.555926062649 0.561995591276 0.565831687401 0.568202605460 0.569647502301 0.570523899673
0.571041314003 0.576823222682 0.580716692816 0.583742502162 0.586148924005 0.588058875900 0.589563131877
0.558807437166 0.562895970756 0.565601232351 0.567772304871 0.569587988570 0.571117455880 0.572402667940
0.584819486829 0.597887215827 0.605337656897 0.609563077183 0.611919988721 0.613228590422 0.613960928069
0.539774433865 0.542663273719 0.544612201816 0.546218342562 0.547600304830 0.548800821910 0.549843551852
0.542060652023 0.551625345258 0.557643814996 0.561374460089 0.563632906042 0.564982013959 0.565785465949
0.548742488711 0.551904472712 0.553969552414 0.555650788238 0.557090180768 0.558337507156 0.559419291005
0.563964010988 0.570605601319 0.575184641816 0.578637566394 0.581252970439 0.583214553286 0.584669896372
0.514776409818 0.518083504030 0.520640633336 0.522754051246 0.524505562350 0.525946323343 0.527120460134
0.513405523320 0.517058918705 0.517551354585 0.517645133531 0.517674529204 0.517687349560 0.517693950780
0.454779436074 0.461872050137 0.466117385023 0.468481793347 0.469758262927 0.470441407642 0.470809766776
0.559880827329 0.563103469419 0.565071538737 0.566646322177 0.567995966432 0.569175124810 0.570209757798
0.569596179400 0.576715272600 0.581571718545 0.585192068608 0.587901365113 0.589908317116 0.591379008023
0.419310924910 0.422683052829 0.425488098344 0.427587986692 0.429098521452 0.430159691722 0.430894156669
0.498781394646 0.508036818372 0.513031049103 0.515578645511 0.516850745885 0.517488273938 0.517815535552
0.520147964477 0.525007431397 0.528646829784 0.531476230605 0.533657337598 0.535315614173 0.536560750250
0.292612162000 0.291938228198 0.291777158785 0.291720841598 0.291696069971 0.291683501418 0.291676375979
0.358882412426 0.363538974340 0.365393557144 0.366078200675 0.366333001655 0.366434182224 0.366479118064
0.312270631847 0.311548152908 0.311383580545 0.311326391681 0.311301398451 0.311288546212 0.311281496237
0.576846923142 0.585248327040 0.590868317088 0.594908220023 0.597806976326 0.599862053819 0.601303593615
0.537787467720 0.542335947858 0.545640889683 0.548273266612 0.550386020275 0.552069444978 0.553397692876
0.516783721266 0.520591483583 0.523501322927 0.525860913098 0.527774323465 0.529311484846 0.530533489359
0.569985199643 0.575638751961 0.579443263765 0.582408483269 0.584777052504 0.586666672211 0.588163207084
0.558700471828 0.568706885454 0.575038602579 0.579051652407 0.581543926138 0.583070906038 0.584002096138
0.573422022243 0.579611166983 0.583781361614 0.586991770013 0.589511683733 0.591482124909 0.593009800097
0.569110865803 0.573742143595 0.576758985827 0.579152261567 0.581133153057 0.582784238057 0.584156366087
0.470791612734 0.473126654190 0.475202306978 0.476970576453 0.478447683383 0.479664198017 0.480654266410
