0.13 0.67 0.72 6.11
0.95 0.03 2.76 8.16
0.80 0.25 8.00 7.56
0.93 0.65 3.30 8.35
0.72 0.56 2.45 3.22
0.79 0.71 9.34 8.49
0.55 0.41 4.32 4.38
0.73 0.95 4.52 5.52
0.13 0.88 7.46 1.63
0.12 0.88 5.52 5.39
0.10 0.85 0.93 7.30
0.96 0.90 3.79 8.61
0.13 0.68 8.29 7.06
0.06 0.36 9.77 1.31
0.93 0.76 4.90 8.49
0.91 0.23 7.32 4.70
0.28 0.26 7.20 9.95
0.54 0.85 8.67 0.91
0.88 0.66 0.80 5.84
0.77 0.77 7.80 4.64
0.85 0.11 2.19 4.47
0.41 0.38 8.12 3.68
0.58 0.07 7.51 3.93
0.50 0.57 5.61 5.04
0.29 0.10 6.50 4.29
0.39 0.04 2.89 4.65
0.01 0.15 4.37 9.62
0.93 0.61 0.20 8.89
0.05 0.87 5.86 6.05
0.63 0.05 0.18 4.78
0.13 0.46 4.04 6.47
0.88 1.00 9.85 3.44
0.19 0.89 0.93 5.03
0.02 0.17 3.18 1.58
0.57 0.58 1.79 3.49
0.17 0.23 5.65 6.31
0.03 0.92 5.56 5.94
0.12 0.89 7.34 7.77
0.89 0.52 1.51 3.53
0.67 0.91 9.22 9.25
0.07 0.89 2.06 1.61
0.90 0.89 0.48 7.58
0.17 0.97 3.32 7.88
0.45 0.61 3.68 9.30
0.14 0.77 1.96 1.90
0.50 0.50 1.79 6.41
0.55 0.50 1.89 0.07
0.49 0.43 0.29 0.00
0.73 0.53 4.27 2.78
0.93 0.96 5.13 1.03
