0.211235129788 0.210903739930 0.210827553272 0.210803582549 0.210793328963 0.210788103938 0.210790257901
0.326769726734 0.326314331455 0.326130137820 0.326060449191 0.326029160029 0.326013047299 0.326003914678
0.648829383411 0.655218451848 0.657071692734 0.657794553611 0.658131522356 0.658308865499 0.658410800986
0.413493512212 0.418602558781 0.420091770300 0.420510658255 0.420639291965 0.420686784107 0.420708613843
0.454388895122 0.456114138474 0.456210675224 0.456191036422 0.456175035715 0.456165519415 0.456159736110
0.269946074789 0.271357389457 0.271606586744 0.271642696036 0.271646163758 0.271645484161 0.271644605721
0.337377241320 0.337025113242 0.336844121559 0.336773478438 0.336741533965 0.336725065114 0.336715653829
0.297236891717 0.296868129761 0.296712740954 0.296653731904 0.296627330785 0.296613309160 0.296605867101
0.343631432852 0.342745643325 0.342528172862 0.342451712371 0.342418000226 0.342400836352 0.342391170002
0.339874586962 0.339634455458 0.339462718327 0.339393034650 0.339361291358 0.339344847199 0.339335518797
0.613262974494 0.617734957114 0.618646065986 0.618951211160 0.619084555410 0.619152190198 0.619190078973
0.284724303897 0.287527970371 0.288549162838 0.288891328069 0.289008247686 0.289052022661 0.289070992937
0.358352858492 0.360454389940 0.360747156655 0.360776003078 0.360774112702 0.360770581558 0.360768080917
0.313856519587 0.313130798482 0.312967569783 0.312910999187 0.312886254675 0.312873695967 0.312866718943
0.370786473760 0.371580055485 0.371541903013 0.371493604593 0.371467974782 0.371454161812 0.371446150157
0.304321163174 0.303608548642 0.303444639145 0.303387634966 0.303362629096 0.303349994870 0.303342855468
0.515808326483 0.522369885567 0.523922637518 0.524326487030 0.524460797580 0.524519369752 0.524550299316
0.299574834604 0.300629579878 0.300723644954 0.300713779032 0.300702266674 0.300695252017 0.300690997464
0.309238098883 0.311526561963 0.312037154336 0.312143041740 0.312166556146 0.312173060319 0.312175492223
0.302637909011 0.303495427780 0.303534898185 0.303512175837 0.303496730986 0.303487988542 0.303482902571
0.306903255661 0.306775490651 0.306637641197 0.306579314544 0.306552596671 0.306538725603 0.306530886891
0.285428150454 0.288425197218 0.289995947564 0.290732480772 0.291068648437 0.291223437010 0.291297227144
0.377147164720 0.379283420486 0.379570231909 0.379595135594 0.379591615988 0.379587323517 0.379584389785
0.368116844236 0.368157615876 0.368003081970 0.367932924722 0.367900212328 0.367883139289 0.367873381079
0.331738143088 0.331526554251 0.331362989821 0.331296059769 0.331265528589 0.331249701955 0.331240736958
0.464971714112 0.466552167664 0.466611132649 0.466588017650 0.466572072910 0.466562743444 0.466557069122
0.328182305617 0.329774960024 0.329982543715 0.329995314269 0.329989326000 0.329984214902 0.329981069512
0.351275814381 0.351376060952 0.351238851619 0.351174385989 0.351144193113 0.351128410534 0.351119382074
0.487992573509 0.490633620214 0.490908252019 0.490938355861 0.490942038709 0.490942133709 0.490941648092
0.334965762822 0.335471778790 0.335412595010 0.335364161141 0.335339468043 0.335326313962 0.335318752958
0.282297255846 0.282283846983 0.282176334953 0.282127917459 0.282105474898 0.282093800058 0.282087171734
0.277264771514 0.276790366893 0.276641912243 0.276588027326 0.276562118530 0.276551771632 0.276544817482
0.343433784720 0.344540865978 0.344597480112 0.344572165609 0.344554318593 0.344544174660 0.344538202925
0.253789532082 0.253726308982 0.253630726228 0.253589212894 0.253570200783 0.253560168203 0.253554692160
0.297166536517 0.296917382002 0.296773025738 0.296715797163 0.296689889866 0.296676514200 0.296668866193
0.299718104495 0.301781539640 0.302234308608 0.302325145447 0.302344321006 0.302349263956 0.302350994031
0.336274277282 0.337560193465 0.337660130384 0.337645681485 0.337631500469 0.337623023798 0.337617960944
0.296624088671 0.295938565955 0.295783313192 0.295729444273 0.295705856416 0.295693895865 0.295687209445
0.323049534434 0.323228490388 0.323120487480 0.323065177434 0.323038908248 0.323025174261 0.323017286438
0.337358799113 0.338589405837 0.338681217005 0.338664664328 0.338649691023 0.338640835133 0.338635579360
0.314991027433 0.315405242141 0.315340716073 0.315294832995 0.315271902886 0.315259746216 0.315252714687
0.446357203283 0.445419049658 0.445180735728 0.445095231663 0.445057263467 0.445037880441 0.445026965701
0.277614451338 0.277259191193 0.277125549317 0.277064550005 0.277040769626 0.277028239530 0.277021237602
0.371971494980 0.372204964755 0.372074217751 0.372007647117 0.371975967101 0.371959349534 0.371949774025
0.336000350151 0.335397528197 0.335197571658 0.335124202665 0.335091444827 0.335074618418 0.335065084690
0.387619973328 0.386764994054 0.386536563002 0.386454685033 0.386418284477 0.386399678805 0.386389184785
