0.28 0.66 0.78 7.71
0.45 0.74 0.32 5.21
0.57 0.72 0.28 0.75
0.86 0.53 0.66 4.39
0.48 0.55 0.70 7.64
0.57 0.08 0.68 5.60
0.21 0.29 0.79 4.66
0.57 0.97 0.29 4.46
0.05 0.56 0.28 0.70
0.25 0.70 0.90 7.39
0.21 0.93 0.97 0.53
0.92 0.06 0.10 3.52
0.52 0.22 0.10 0.44
0.95 0.19 0.01 3.79
0.08 0.40 0.65 3.62
0.22 0.51 0.11 9.72
0.74 0.46 0.58 4.01
0.87 0.98 0.20 8.63
0.78 0.08 0.65 2.93
0.51 0.43 0.88 9.47
0.00 0.42 0.81 4.18
0.76 0.62 0.01 3.51
0.99 0.10 0.98 0.11
0.66 0.29 0.75 4.59
0.46 0.56 0.70 6.87
0.46 0.19 0.49 5.53
0.93 0.42 0.92 1.80
0.96 0.19 0.95 4.37
0.73 0.75 0.19 7.67
0.89 0.08 0.48 2.03
0.84 0.94 0.53 7.48
0.88 0.33 0.26 6.40
0.74 0.98 0.78 8.79
0.81 0.59 0.50 8.74
0.63 0.22 0.15 2.52
0.13 0.75 0.31 5.82
0.15 0.06 0.42 8.76
0.27 0.78 0.09 7.64
0.63 0.41 0.15 3.90
0.77 0.17 0.31 0.43
0.99 0.60 0.28 3.22
0.85 0.61 0.14 9.42
0.78 0.02 0.01 8.97
0.67 0.76 0.77 4.51
0.85 0.89 0.29 5.03
0.59 1.00 0.63 9.17
0.20 0.01 0.10 3.86
0.54 0.56 0.42 9.21
0.39 0.01 0.10 9.48
0.55 0.79 0.49 2.97
