0.22 0.72 3.16 25.04
0.02 0.32 4.61 12.68
0.60 0.44 67.74 57.53
0.73 0.28 18.59 97.31
0.54 0.86 83.49 30.25
0.78 0.20 33.23 4.41
0.87 0.96 49.19 32.78
0.92 0.11 77.45 99.48
0.51 0.53 65.75 81.21
0.85 0.23 23.31 47.56
0.38 0.57 79.80 94.31
0.94 0.42 33.38 43.39
0.87 0.92 37.02 51.68
0.20 0.96 33.10 96.72
0.38 0.21 40.38 4.34
0.26 0.81 35.83 88.48
0.75 0.35 53.62 99.40
0.25 0.51 6.39 40.33
0.02 0.95 53.36 48.91
0.96 0.83 99.21 4.86
0.98 0.71 29.23 34.98
0.67 0.71 79.29 11.96
0.32 0.09 95.02 40.44
0.52 0.72 39.17 14.06
0.77 0.88 76.59 94.54
0.04 0.73 83.79 49.71
0.34 0.93 20.02 12.57
0.06 0.36 75.42 32.12
0.93 0.71 51.42 17.11
0.04 0.40 35.34 71.41
0.69 0.33 30.22 51.50
0.58 0.12 28.79 98.57
0.22 0.45 5.39 0.46
0.46 0.84 8.46 71.35
0.54 0.04 58.87 92.60
0.99 0.45 42.53 63.56
0.29 0.29 95.81 9.11
0.68 0.36 5.74 32.55
0.39 0.60 86.13 25.77
0.92 0.63 0.18 90.10
