0.014679957354 0.034852628702 0.041296366267 0.409171047677
0.033271856458 0.055320919844 0.024100277745 0.387306945953
0.123807174214 0.154380123297 0.060320766634 0.161491935855
0.066737655105 0.041208516251 0.051040469753 0.341013358892
0.025677909963 0.029415551303 0.037153408509 0.407753130225
0.041100234290 0.005830446215 0.049138745809 0.403930573686
0.017925709123 0.024560542908 0.066256823038 0.391256924932
0.045292841851 0.077419673101 0.023004111015 0.354283374033
0.014877364922 0.176963890859 0.087176764847 0.220981979372
0.013465105968 0.037784329848 0.048895198746 0.399855365439
0.039070976243 0.176650919105 0.184482523868 0.099795580784
0.100302692543 0.006309837410 0.010943097483 0.382444372564
0.202932722611 0.086285255711 0.040779436668 0.170002585009
0.096104541546 0.018879282973 0.000523207648 0.384492967833
0.008509941988 0.041698243886 0.068690095128 0.381101718997
0.010446777912 0.023989026709 0.005189277305 0.460374918073
0.063789829156 0.039688090153 0.050211354661 0.346310726030
0.040766339434 0.046090374235 0.009215246594 0.403928039737
0.087559297490 0.008751229477 0.072906982071 0.330782490962
0.022744651376 0.018905236273 0.039010206683 0.419339905668
0.000039402324 0.039178026832 0.075034069687 0.385748501157
0.077795702654 0.063291444999 0.001341730223 0.357571122125
0.228011903848 0.022653177158 0.225109574516 0.024225344478
0.052673854642 0.023233595863 0.059816672129 0.364275877367
0.026929220789 0.032868443240 0.040494417517 0.399707918455
0.034729636765 0.014526761511 0.036459378610 0.414284223115
0.114507557525 0.051952973375 0.113011526943 0.220527942157
0.073949709290 0.014864618785 0.073332829638 0.337852842287
0.039233174463 0.040060429563 0.010123696691 0.410582699283
0.128205746142 0.011581431055 0.068613976232 0.291598846571
0.042995765760 0.048079940667 0.027182156875 0.381742136698
0.055957374139 0.021028812556 0.016627625223 0.406386188082
0.032598980732 0.043296941410 0.034775302567 0.389328775291
0.038184943039 0.027515936232 0.023552243536 0.410746877193
0.088844512914 0.031888758723 0.021242548936 0.358024179428
0.009304091719 0.053154625189 0.022323097583 0.415218185509
0.008112941396 0.002994621541 0.022174950598 0.466717486465
0.015153727834 0.044224280332 0.005058879696 0.435563112138
0.061957273754 0.039958788974 0.014752048733 0.383331888538
0.229583231339 0.050159085776 0.091771305540 0.128486377345
0.097318060285 0.058791813042 0.027224417344 0.316665709329
0.038617994074 0.027853070496 0.006341844786 0.427187090643
0.039918448395 0.001242556996 0.000696501700 0.458142492909
0.049700113802 0.056458172237 0.057243137262 0.336598576699
0.060344283099 0.063163814130 0.020694404696 0.355797498075
0.025791469656 0.043876468257 0.027703946008 0.402628116079
0.023598744769 0.000790009390 0.011967268265 0.463643977577
0.025192568138 0.026062616576 0.019745656099 0.428999159187
0.019735291534 0.000596781765 0.004865949901 0.474801976801
0.057342920639 0.082189710530 0.051060959873 0.309406408958
