0.19 0.05 0.00 66.37
0.82 0.38 0.34 51.01
0.89 0.09 0.85 0.76
0.38 0.18 0.97 19.14
0.86 0.64 0.90 20.02
0.14 0.42 0.59 98.26
0.68 0.85 0.47 57.75
0.37 0.84 0.35 80.31
0.39 0.04 0.06 12.03
0.82 0.82 0.56 62.28
0.90 0.65 0.87 3.93
0.23 0.18 0.90 84.52
0.03 0.78 0.73 35.89
0.91 0.98 0.09 71.36
0.47 0.72 0.66 36.83
0.73 0.84 0.12 71.68
0.63 0.09 0.97 7.99
0.56 0.26 0.64 76.22
0.12 0.50 0.79 63.50
0.42 0.42 0.59 70.74
0.83 0.46 0.50 80.95
0.05 0.09 0.56 42.71
0.54 0.40 0.83 33.22
0.50 0.93 0.56 39.78
0.99 0.97 0.69 83.42
0.36 0.96 0.67 14.71
0.56 0.42 0.86 63.41
0.18 0.89 0.44 37.21
0.41 0.52 0.60 9.30
0.91 0.21 0.62 53.97
0.11 0.82 0.39 88.40
0.56 0.50 0.24 91.67
0.84 0.56 0.98 66.71
0.28 0.32 0.24 95.90
0.20 0.87 0.35 73.54
0.66 0.07 0.91 85.00
0.06 0.88 0.69 50.21
0.91 0.67 0.11 79.96
0.22 0.79 0.46 53.10
0.60 0.63 0.90 64.66
0.17 0.94 0.59 69.37
0.78 0.94 0.11 13.74
0.82 0.20 0.30 93.88
0.76 0.92 0.73 46.52
0.95 0.75 0.40 60.32
0.36 0.73 0.13 17.88
