0.001442874470 0.000383053246 0.000023954405 0.498150117879
0.007783494013 0.003603787938 0.003246460497 0.485366257552
0.172352470064 0.017730309422 0.163365912946 0.146551307569
0.009225283747 0.004380115303 0.023446043191 0.462948557759
0.019179044651 0.014372749886 0.020109128078 0.446339077386
0.000702334183 0.002096882184 0.002950389249 0.494250394384
0.005658832623 0.007102752026 0.003952022714 0.483286392637
0.002278600070 0.005127499384 0.002156921536 0.490436979009
0.015475047372 0.001531188716 0.002210098507 0.480783665405
0.006376566968 0.006364625982 0.004380270429 0.482878536621
0.070666091311 0.051108590780 0.068420513861 0.309804804048
0.001313369273 0.001032827407 0.005265738230 0.492388065091
0.000393491195 0.010407167553 0.009728201802 0.479471139451
0.006203873466 0.006678470893 0.000636341300 0.486481314341
0.006076411330 0.009286591154 0.008588674071 0.476048323445
0.006010197044 0.000942376549 0.000102679948 0.492944746459
0.004998585732 0.005708785689 0.000841276168 0.488451352411
0.000346051637 0.000425355104 0.004005958400 0.495222634859
0.032611611611 0.004549362673 0.049935489829 0.412903535886
0.000888497762 0.005025752219 0.000182993919 0.493902756100
0.003591949586 0.001693332783 0.004129980075 0.490584737555
0.000918598958 0.003864134251 0.006092341708 0.489124925083
0.004202299496 0.000218753966 0.001288293452 0.494290653086
0.002927897740 0.002891143815 0.004072293235 0.490108665210
0.005035991566 0.002806018450 0.003012159285 0.489145830700
0.000571822497 0.001007377394 0.006433448364 0.491987351744
0.007745009472 0.005714549925 0.011834194792 0.474706245811
0.005943460333 0.011120765760 0.006686285379 0.476249488527
0.005732733920 0.005646530403 0.004017471476 0.484603264200
0.010635600664 0.028879228842 0.020028764868 0.440456405626
0.004299772963 0.003189899174 0.006612890069 0.485897437794
0.002345059996 0.011474197711 0.005669507914 0.480511234379
0.019094429562 0.024128401445 0.027616493571 0.429160675422
0.008181626542 0.001852941048 0.005582291878 0.484383140532
0.000634896251 0.004543517077 0.002162718047 0.492658868625
0.003032044490 0.002663711329 0.001313025355 0.492991218826
0.006086874240 0.004072622269 0.007066544917 0.482773958575
0.001429922224 0.001675949507 0.001255498193 0.495638630076
0.001318545097 0.005783696268 0.002364466469 0.490533292166
0.003804958849 0.000391300145 0.005232628618 0.490571112388
