0.520536253210 0.525411611051 0.526211802877 0.526385759330 0.526443652917 0.526469905986 0.526483925566
0.537474090917 0.538369821755 0.538411646893 0.538409083373 0.538404580640 0.538401264512 0.538399016794
0.636917869292 0.639403853021 0.640043725117 0.640278242792 0.640383751807 0.640438064711 0.640468824919
0.589414562784 0.592471497701 0.593005629659 0.593171002544 0.593240264337 0.593274442774 0.593293244042
0.521999736726 0.525514328558 0.525988859844 0.526082859712 0.526113501179 0.526127098458 0.526134149217
0.529196836316 0.534608051155 0.535674726119 0.535933858966 0.536023380560 0.536064505914 0.536086740822
0.543448858347 0.552452205760 0.554804804114 0.555471907402 0.555703589422 0.555805467171 0.555859236105
0.563970977301 0.564821374784 0.564927143942 0.564953175079 0.564962059370 0.564965771155 0.564967555925
0.635632117917 0.640299345761 0.641253128726 0.641587654739 0.641737550019 0.641814698853 0.641858391675
0.533509777672 0.539559533545 0.540686210152 0.540953825784 0.541046232544 0.541088807824 0.541111844312
0.644301078831 0.648626282138 0.649591510362 0.649940317718 0.650097686682 0.650178912433 0.650224998599
0.529622426301 0.528162474140 0.527770839311 0.527627260463 0.527562909615 0.527529900323 0.527511245012
0.623675907735 0.624881621333 0.625264699497 0.625411239051 0.625478177586 0.625512905070 0.625532668132
0.517171483542 0.515373306753 0.514983715256 0.514849977871 0.514791849131 0.514762554513 0.514746200599
0.555222757718 0.564328965815 0.566511936412 0.567107532146 0.567316561684 0.567411055622 0.567461868578
0.409970016911 0.409200378140 0.408968554750 0.408883637144 0.408845556280 0.408825984375 0.408814908233
0.585533774300 0.588604054885 0.589125345263 0.589283460919 0.589349191626 0.589381510745 0.589399246432
0.507124290990 0.506556867181 0.506367491683 0.506294256012 0.506260589463 0.506243064761 0.506233075261
0.601148858851 0.606195682333 0.607240452100 0.607579397945 0.607725989819 0.607800214182 0.607841849387
0.506045490819 0.510805255213 0.511638632988 0.511816054171 0.511871464178 0.511895621675 0.511908337102
0.546882605377 0.557772151449 0.560992668189 0.561980400523 0.562326621196 0.562473513108 0.562548226840
0.543230205292 0.542441385134 0.542251669983 0.542184006335 0.542154051081 0.542138797364 0.542130226756
0.602265959663 0.600849017662 0.600569224144 0.600474840568 0.600433184391 0.600411910726 0.600399927981
0.574177652965 0.579259509332 0.580188179511 0.580447501317 0.580551959795 0.580603504747 0.580632054527
0.532913646371 0.536712424818 0.537255169249 0.537373220208 0.537414522521 0.537433559679 0.537443673315
0.513355206887 0.516765376768 0.517239571338 0.517328358582 0.517355285114 0.517366794099 0.517372650094
0.649889192215 0.655904879388 0.657454013760 0.658034506835 0.658300474494 0.658439008519 0.658518085370
0.597017443680 0.602634365826 0.603780140610 0.604137771699 0.604289991775 0.604366855824 0.604409952458
0.500244338447 0.499651915091 0.499447338555 0.499368130674 0.499331703035 0.499312731751 0.499301912284
0.617522827493 0.621107421550 0.621945654845 0.622241571709 0.622371972600 0.622438165313 0.622475285331
0.545265539466 0.546297584765 0.546364652259 0.546369417335 0.546367845929 0.546365930033 0.546364435926
0.511749138654 0.511311561858 0.511098018042 0.511010924932 0.510970046056 0.510948505580 0.510936125205
0.542123008466 0.544431059626 0.544689849468 0.544744689387 0.544763537216 0.544771755274 0.544775867457
0.511963012749 0.512728296870 0.512690126075 0.512653274999 0.512633150816 0.512621798772 0.512614998253
0.560299649708 0.560166780337 0.560046481898 0.559991092100 0.559963710598 0.559948900057 0.559940259243
0.504002604658 0.505320110298 0.505372624564 0.505364469753 0.505356890487 0.505351941720 0.505348750675
0.401711705027 0.406907223025 0.408607458556 0.409134954060 0.409307666638 0.409372494952 0.409401690960
0.457849571410 0.457174440190 0.456978672096 0.456906073112 0.456873326113 0.456856456218 0.456846900937
0.534298419418 0.533907267375 0.533737664920 0.533668012669 0.533635139698 0.533617780381 0.533607795493
0.629268768233 0.632604864474 0.633664893738 0.634082943250 0.634277955212 0.634380510100 0.634439405186
0.590221894307 0.590971989938 0.591084152329 0.591112780394 0.591122725737 0.591126957813 0.591129033628
0.473434972958 0.472471331711 0.472208387805 0.472112155633 0.472069017626 0.472046874376 0.472034358678
0.406779701174 0.405615258637 0.405358587951 0.405270291120 0.405231858749 0.405212485521 0.405201658368
0.594330077113 0.598388369146 0.599115462613 0.599341246585 0.599437081476 0.599484998090 0.599511619654
0.561873377289 0.562293784831 0.562309077973 0.562303235186 0.562298053817 0.562294622532 0.562292402741
0.523742618373 0.525340613924 0.525452482884 0.525461785299 0.525461312779 0.525459830580 0.525458534083
0.410576735787 0.411014465022 0.410899047509 0.410830208791 0.410796445094 0.410778541951 0.410768231760
0.484115370805 0.484859305725 0.484793950362 0.484745106415 0.484719804849 0.484705917444 0.484697730111
0.370259256183 0.369518515346 0.369279146917 0.369191233278 0.369151932479 0.369131748340 0.369120322268
0.606584521991 0.609621576841 0.610216586319 0.610415861469 0.610502016929 0.610545293006 0.610569394058
