0.13 0.14 0.69 0.40
0.62 0.31 0.15 0.21
0.38 0.58 0.92 0.17
0.33 0.18 0.47 0.12
0.67 0.58 0.51 0.72
0.22 0.28 0.97 0.17
0.34 0.50 0.65 0.22
0.42 0.29 0.24 0.07
0.19 0.95 0.88 0.87
0.97 0.21 0.77 0.69
0.63 0.61 0.94 0.67
0.91 0.78 0.48 0.91
0.68 0.66 0.78 0.43
0.39 0.24 0.64 0.01
0.19 0.11 0.79 0.29
0.03 0.47 0.87 0.88
0.77 0.76 0.45 0.65
0.69 0.76 0.57 0.08
0.68 0.46 0.83 0.43
0.31 1.00 0.65 0.85
0.09 0.14 0.54 0.76
0.65 0.23 0.70 0.72
0.47 0.03 0.26 0.73
0.86 0.54 0.41 0.06
0.37 0.15 0.88 0.75
0.36 0.69 0.86 0.34
0.72 0.91 0.62 0.42
0.53 0.65 0.59 0.29
0.86 0.72 0.08 0.93
0.68 0.94 0.52 0.03
0.81 0.01 0.87 0.82
0.85 0.53 0.28 0.31
0.56 0.30 0.68 0.72
0.66 0.92 0.78 0.13
0.07 0.48 0.63 0.78
0.72 0.05 0.04 0.81
0.54 0.20 0.65 0.64
0.54 0.16 0.44 0.03
0.99 0.09 0.64 0.23
0.83 0.01 0.17 0.83
0.95 0.45 0.53 0.88
0.65 0.36 0.59 0.18
0.08 0.42 0.17 0.32
