0.046553727267 0.050708521111 0.255788816300 0.146948935322
0.241346646577 0.119056247282 0.058357995990 0.081239110152
0.093449512200 0.141752921168 0.224367767802 0.040429798830
0.149315172276 0.080076897698 0.215008245059 0.055599684967
0.135099531000 0.116424679853 0.103145834499 0.145329954648
0.066483869615 0.085136914475 0.296676772503 0.051702443408
0.099900615588 0.145275763535 0.190928386471 0.063895234406
0.206036459821 0.141609881052 0.117349214246 0.035004444881
0.032453192344 0.163791207996 0.152247702413 0.151507897247
0.183621293741 0.039762780116 0.145017760929 0.131598165214
0.111288589087 0.107833892042 0.164049362462 0.116828156409
0.148565394905 0.126780459687 0.077243591795 0.147410553614
0.132649864491 0.130329547724 0.152453201086 0.084567386699
0.151790938718 0.092567105193 0.252678959528 0.002962996560
0.069266949120 0.040259001625 0.286059863600 0.104414185655
0.006881286957 0.104346986885 0.192770265309 0.196001460849
0.146161104840 0.145113535956 0.085372140645 0.123353218558
0.163936060882 0.181284642716 0.136086545203 0.018692751199
0.141526538715 0.095950781825 0.173105738246 0.089416941213
0.054720770607 0.177825062517 0.115719393350 0.151734773526
0.030721155063 0.044492546689 0.176088996900 0.248697301348
0.140628464241 0.049855601677 0.152948043053 0.156567891029
0.157984694565 0.010436698400 0.087769881544 0.243808725492
0.230101346493 0.144592780608 0.109498906935 0.015806965964
0.085816880852 0.035434942904 0.205297463054 0.173450713191
0.080754307704 0.153481044591 0.190433362641 0.075331285063
0.135556159293 0.169864372517 0.116049259500 0.078530208690
0.128410841673 0.158889074845 0.142916804026 0.069783279456
0.165220531542 0.139621138687 0.016392129387 0.178766200384
0.155878894380 0.217207981158 0.119045989724 0.007867134738
0.161422221977 0.001940859515 0.174149058111 0.162487860397
0.215818002743 0.133741782032 0.071567848336 0.078872366889
0.123410330026 0.066266013860 0.150545611129 0.159778044985
0.132422302180 0.185210359581 0.155573554504 0.026793783736
0.018185385850 0.122034763270 0.160902255308 0.198877595572
0.221612470102 0.015321904162 0.013534917953 0.249530707783
0.132337951078 0.050224872557 0.159962910705 0.157474265660
0.232808624406 0.067738788976 0.186765174259 0.012687412359
0.253504785791 0.023315969271 0.164065811334 0.059113433605
0.226589658060 0.002138406128 0.046758044629 0.224513891183
0.169144474478 0.080765465308 0.094013423183 0.156076637031
0.183795604742 0.100540844481 0.164216319588 0.051447231189
0.039074581546 0.210240282126 0.088019647978 0.162665488349
