0.125000000000 0.125000000000 0.125000000000 0.125000000000
0.083333333333 0.083333333333 0.166666666667 0.166666666667
0.062500000000 0.062500000000 0.187500000000 0.187500000000
0.041666666667 0.041666666667 0.208333333333 0.208333333333
0.022727272727 0.022727272727 0.227272727273 0.227272727273
0.166666666667 0.166666666667 0.083333333333 0.083333333333
0.187500000000 0.187500000000 0.062500000000 0.062500000000
0.208333333333 0.208333333333 0.041666666667 0.041666666667
0.227272727273 0.227272727273 0.022727272727 0.022727272727
0.011904761905 0.011904761905 0.238095238095 0.238095238095
0.004901960784 0.004901960784 0.245098039216 0.245098039216
0.002475247525 0.002475247525 0.247524752475 0.247524752475
0.100000000000 0.100000000000 0.100000000000 0.200000000000
0.062500000000 0.062500000000 0.062500000000 0.312500000000
0.038461538462 0.038461538462 0.038461538462 0.384615384615
0.021739130435 0.021739130435 0.021739130435 0.434782608696
0.009433962264 0.009433962264 0.009433962264 0.471698113208
0.004854368932 0.004854368932 0.004854368932 0.485436893204
0.100000000000 0.200000000000 0.100000000000 0.100000000000
0.062500000000 0.312500000000 0.062500000000 0.062500000000
0.038461538462 0.384615384615 0.038461538462 0.038461538462
0.021739130435 0.434782608696 0.021739130435 0.021739130435
0.009433962264 0.471698113208 0.009433962264 0.009433962264
0.004854368932 0.485436893204 0.004854368932 0.004854368932
0.002463054187 0.002463054187 0.002463054187 0.492610837438
0.001650165017 0.001650165017 0.001650165017 0.495049504950
0.001240694789 0.001240694789 0.001240694789 0.496277915633
0.000994035785 0.000994035785 0.000994035785 0.497017892644
0.002463054187 0.492610837438 0.002463054187 0.002463054187
0.001650165017 0.495049504950 0.001650165017 0.001650165017
0.001240694789 0.496277915633 0.001240694789 0.001240694789
0.000994035785 0.497017892644 0.000994035785 0.000994035785
