1.00 1.00 1.00 1.00
1.00 1.00 2.00 2.00
1.00 1.00 3.00 3.00
1.00 1.00 5.00 5.00
1.00 1.00 10.00 10.00
2.00 2.00 1.00 1.00
3.00 3.00 1.00 1.00
5.00 5.00 1.00 1.00
10.00 10.00 1.00 1.00
1.00 1.00 20.00 20.00
1.00 1.00 50.00 50.00
1.00 1.00 100.00 100.00
1.00 1.00 1.00 2.00
1.00 1.00 1.00 5.00
1.00 1.00 1.00 10.00
1.00 1.00 1.00 20.00
1.00 1.00 1.00 50.00
1.00 1.00 1.00 100.00
1.00 2.00 1.00 1.00
1.00 5.00 1.00 1.00
1.00 10.00 1.00 1.00
1.00 20.00 1.00 1.00
1.00 50.00 1.00 1.00
1.00 100.00 1.00 1.00
