0.22 0.72 3.16 25.04
0.02 0.32 4.61 12.68
0.60 0.44 67.74 57.53
0.73 0.28 18.59 97.31
0.54 0.86 83.49 30.25
0.78 0.20 33.23 4.41
0.87 0.96 49.19 32.78
0.92 0.11 77.45 99.48
0.51 0.53 65.75 81.21
0.85 0.23 23.31 47.56
0.38 0.57 79.80 94.31
0.94 0.42 33.38 43.39
0.87 0.92 37.02 51.68
0.20 0.96 33.10 96.72
0.38 0.21 40.38 4.34
0.26 0.81 35.83 88.48
0.75 0.35 53.62 99.40
0.25 0.51 6.39 40.33
0.02 0.95 53.36 48.91
0.96 0.83 99.21 4.86
0.98 0.71 29.23 34.98
0.67 0.71 79.29 11.96
0.32 0.09 95.02 40.44
0.52 0.72 39.17 14.06
0.77 0.88 76.59 94.54
0.04 0.73 83.79 49.71
0.34 0.93 20.02 12.57
0.06 0.36 75.42 32.12
0.93 0.71 51.42 17.11
0.04 0.40 35.34 71.41
0.69 0.33 30.22 51.50
0.58 0.12 28.79 98.57
0.22 0.45 5.39 0.46
0.46 0.84 8.46 71.35
0.54 0.04 58.87 92.60
0.99 0.45 42.53 63.56
0.29 0.29 95.81 9.11
0.68 0.36 5.74 32.55
0.39 0.60 86.13 25.77
0.92 0.63 0.18 90.10
0.64 16.25 0.37 65.72
0.63 57.74 0.69 84.50
0.10 33.09 0.46 84.91
0.73 76.98 0.58 23.01
0.23 73.88 0.84 51.37
0.73 31.06 0.11 73.73
0.29 66.65 0.06 59.05
0.80 84.79 0.29 90.37
0.60 48.36 0.82 73.61
0.30 70.54 0.05 77.38
1.00 62.45 0.31 52.47
0.03 83.31 0.47 25.79
0.70 67.25 0.45 46.56
0.72 49.43 0.16 59.39
0.06 63.93 0.24 71.12
0.54 10.79 0.96 30.10
0.73 32.41 0.84 36.56
0.14 55.68 0.13 91.00
0.70 75.18 0.69 36.82
0.18 14.16 0.85 30.04
0.71 81.28 0.45 54.89
0.50 13.64 0.84 88.50
0.17 11.50 0.62 54.10
1.00 0.32 0.59 88.34
0.87 62.39 0.64 11.22
0.22 74.50 0.41 2.99
0.03 92.87 0.49 8.30
0.07 36.42 0.03 87.66
0.98 29.53 0.34 63.53
0.00 82.62 0.42 13.17
0.70 12.75 0.08 65.82
0.11 72.04 0.47 17.11
0.08 23.59 0.72 54.97
0.01 34.44 0.66 43.29
0.55 27.45 0.89 56.54
0.63 0.11 0.74 8.00
0.34 31.10 0.83 38.05
0.59 38.49 0.78 26.20
0.22 3.40 0.81 20.20
0.91 77.53 0.42 34.64
0.19 0.05 0.00 66.37
0.82 0.38 0.34 51.01
0.89 0.09 0.85 0.76
0.38 0.18 0.97 19.14
0.86 0.64 0.90 20.02
0.14 0.42 0.59 98.26
0.68 0.85 0.47 57.75
0.37 0.84 0.35 80.31
0.39 0.04 0.06 12.03
0.82 0.82 0.56 62.28
0.90 0.65 0.87 3.93
0.23 0.18 0.90 84.52
0.03 0.78 0.73 35.89
0.91 0.98 0.09 71.36
0.47 0.72 0.66 36.83
0.62 0.10 0.01 50.72
0.73 0.84 0.12 71.68
0.05 0.06 0.54 66.84
0.63 0.09 0.97 7.99
0.13 0.74 0.03 73.07
0.56 0.26 0.64 76.22
0.12 0.50 0.79 63.50
0.77 0.04 0.24 90.77
0.42 0.42 0.59 70.74
0.83 0.46 0.50 80.95
0.05 0.09 0.56 42.71
0.54 0.40 0.83 33.22
0.50 0.93 0.56 39.78
0.99 0.97 0.69 83.42
