0.003801029403 0.012376685302 0.054209650230 0.429612635065
0.000455016263 0.009170013435 0.130653562368 0.359721407935
0.002386512601 0.001754424192 0.268128154482 0.227730908726
0.003116259775 0.001190335722 0.079493217283 0.416200187220
0.002325007270 0.003732711105 0.362569193640 0.131373087985
0.010033611485 0.002641701115 0.430199491102 0.057125196299
0.005170010719 0.005720096286 0.293515817897 0.195594075097
0.002586064467 0.000295971560 0.217611846992 0.279506116981
0.001738014587 0.001791614019 0.222133219725 0.274337151669
0.005873248089 0.001624122323 0.162010867935 0.330491761653
0.001072691727 0.001623912720 0.227929967950 0.269373427603
0.006033454172 0.002708922963 0.213585313348 0.277672309517
0.004785915605 0.005108114963 0.204551307913 0.285554661519
0.000773383676 0.003661829194 0.126344312664 0.369220474466
0.004224043759 0.002262684081 0.445599186932 0.047914085228
0.001054658683 0.003234070573 0.142878667794 0.352832602950
0.002426855218 0.001146625262 0.173955267190 0.322471252329
0.002636847665 0.005392260069 0.067291032796 0.424679859470
0.000111182538 0.004600246879 0.258422877512 0.236865693070
0.004519290985 0.003917534932 0.468624650078 0.022938524005
