0.651237970016 0.655288901449 0.656371541175 0.656777837147 0.656963126348 0.657059314503 0.657114096575
0.659655526232 0.666718935642 0.668454181552 0.669095172882 0.669389242968 0.669542872158 0.669630766807
0.656281340283 0.666067241906 0.668414687315 0.669225862084 0.669589612550 0.669779162319 0.669887790672
0.644098502040 0.657714904239 0.661461500817 0.662687436346 0.663191740264 0.663442711905 0.663584350771
0.620638826920 0.637044254236 0.643442117008 0.645959276722 0.647005260757 0.647483314988 0.647728371718
0.631674027494 0.633350528173 0.633806997286 0.633976919926 0.634053981304 0.634093843670 0.634116500509
0.619453014918 0.619573328299 0.619663546315 0.619702231954 0.619720713101 0.619730550356 0.619736245228
0.606099544765 0.604264642731 0.603925139903 0.603818333814 0.603773460936 0.603751250962 0.603738993127
0.593170636151 0.589173810519 0.588359671330 0.588102620226 0.587994455213 0.587940758525 0.587911036485
0.598997357705 0.613600878309 0.621347328776 0.625419571871 0.627537727757 0.628646128252 0.629239242287
0.580519519014 0.589743521916 0.595817370547 0.600052300112 0.602985569345 0.604990788856 0.606348095925
0.573131483586 0.579088038400 0.583089112502 0.586187059027 0.588640463983 0.590578839405 0.592098253412
0.650699251827 0.655503335083 0.656723215674 0.657177083254 0.657383603426 0.657490669757 0.657551589433
0.610000515667 0.614042008225 0.614839704130 0.615104825597 0.615220088148 0.615278325485 0.615310894202
0.548747451511 0.551386428905 0.551717982094 0.551794809600 0.551822897792 0.551835756959 0.551842464507
0.476186472588 0.477616492052 0.477654616066 0.477627010098 0.477609350940 0.477599147870 0.477592978436
0.385735461389 0.386315549402 0.386230835622 0.386171686503 0.386142121532 0.386126396067 0.386117314563
0.329140128452 0.329460135102 0.329370737076 0.329317657836 0.329291796041 0.329278147150 0.329270337241
0.636468380682 0.638821511658 0.639413276099 0.639629100964 0.639726034530 0.639775901280 0.639804137434
0.584954508350 0.585214536772 0.585255221141 0.585267306354 0.585272250351 0.585274680921 0.585276029163
0.523169700675 0.522543740042 0.522380962285 0.522322220073 0.522296157754 0.522282889068 0.522275438517
0.454031315124 0.453136374978 0.452924934593 0.452850813830 0.452818327992 0.452801889520 0.452792692185
0.369479259240 0.368687970514 0.368509615722 0.368447943386 0.368421070127 0.368407495320 0.368399880639
0.316651929598 0.316016745788 0.315875496343 0.315826829886 0.315805659548 0.315794979763 0.315788995617
0.283314287292 0.283517650399 0.283441735550 0.283398702601 0.283377930496 0.283367030608 0.283360749339
0.260876209738 0.261041416877 0.260974357804 0.260936775551 0.260918657341 0.260909174546 0.260903702626
0.246641697101 0.246786983310 0.246725833416 0.246691669199 0.246675157512 0.246665573120 0.246661664051
0.236464284360 0.236596898539 0.236539941390 0.236508268177 0.236492980743 0.236485016923 0.236480407418
0.273691835835 0.273193787084 0.273083620332 0.273045715717 0.273029240504 0.273020923741 0.273016148770
0.252563707753 0.252131199836 0.252035675189 0.252002854215 0.251988864515 0.251981366948 0.251977151631
0.239122785619 0.238730580871 0.238644409180 0.238614511788 0.238601798378 0.238594515333 0.238589477539
0.229493708890 0.229129531603 0.229049136951 0.229021424426 0.229008984004 0.229003397809 0.228999038040
0.565019046365 0.566618933710 0.567010020171 0.567149598478 0.567211369118 0.567242808348 0.567260466384
0.545470307428 0.546567226851 0.546823589387 0.546913272813 0.546952548146 0.546972415634 0.546983530626
0.475833284176 0.475727899744 0.475685785316 0.475668736655 0.475660779330 0.475656614657 0.475654236116
0.412573911883 0.412006968215 0.411866974270 0.411817156046 0.411795167486 0.411783996340 0.411777730480
