0.640334167257 0.614311259242 0.614754954632 0.578993643349 0.598021574895 0.657233346163 0.642900322689
0.653365346163 0.653017848247 0.645511611301 0.607110118022 0.598246271001 0.612022979780 0.604841197100
0.644159110019 0.653556325414 0.595883431473 0.667152347405 0.604815983312 0.653556601849 0.648163782725
0.603718082287 0.610905741131 0.654659381008 0.606245859633 0.659219959333 0.658225329767 0.668117515830
0.634563971737 0.611497197849 0.624054599509 0.645303935220 0.659623427287 0.656686474548 0.622863761528
0.634340289330 0.653407964610 0.622745147559 0.597018175361 0.643261399957 0.645616920665 0.540503332113
0.622139553852 0.618067762608 0.627750425813 0.667581886831 0.614817224342 0.603741481714 0.662748995096
0.593968756807 0.632557019590 0.576469816404 0.635830967530 0.619028214377 0.639270341597 0.630063631383
0.633858254645 0.663882301135 0.635735389543 0.659441524401 0.607369479592 0.650251385358 0.643857153401
0.655930926957 0.646777560963 0.627214849575 0.640906222255 0.626485033753 0.653617998101 0.624505183101
